ASME BPVC.II.A-2025 SA-6/SA-6M 
TABLE A2.5 "C" Shapes 
X X d 
Designation Flange Designation Flange (Nominal Web [Nominal Web 
Depth in Area Depth Thick- Depth in Milli- AreaA, Depth Thick- Thick-
Inches and A, d, Width Thick- ness t,., metres in Mass mm 2 d, Width ness 
Weight in in. 2 in. b• ness lw, ness t • in.A in Kilograms mm 
Pounds per b• in. in.A t. mmA per Metre] mm mmA Linear Foot) 
C 15 x 50 14.7 15.00 3.716 0.650 0.716 C 380 x 74 9 480 381 94 16.5 18.2 
X 40 11.8 15.00 3.520 0.650 0.520 X 60 7 610 381 89 16.5 13.2 
X 33.9 9.96 15.00 3.400 0.650 0.400 X 50.4 6 430 381 86 16.5 10.2 
C 12 x 30 8.82 12.00 3.170 0.501 0.510 C310x45 5 690 305 80 12.7 13.0 
x25 7.35 12.00 3.047 0.501 0.387 X 37 4 740 305 77 12.7 9.8 
X 20.7 6.09 12.00 2.942 0.501 0.282 X 30.8 3 930 305 74 12.7 7.2 
C 10 x 30 8.82 10.00 3.033 0.436 0.673 C250x45 5 690 254 76 11.1 17.1 
X 25 7.35 10.00 2.886 0.436 0.526 X 37 4 740 254 73 11.1 13.4 
x20 5.88 10.00 2.739 0.436 0.379 X 30 3 790 254 69 11.1 9.6 
X 15.3 4.49 10.00 2.600 0.436 0.240 X 22.8 2 900 254 65 11.1 6.1 
C9 x20 5.88 9.00 2.648 0.413 0.448 C230x30 3 790 229 67 10.5 11.4 
x15 4.41 9.00 2.485 0.413 0.285 X 22 2 850 229 63 10.5 7.2 
X 13.4 3.94 9.00 2.433 0.413 0.233 X 19.9 2 540 229 61 10.5 5.9 
C 8 x 18.75 5.51 8.00 2.527 0.390 0.487 C 200 x 27.9 3 550 203 64 9.9 12.4 
X 13.75 4.04 8.00 2.343 0.390 0.303 X 20.5 2 610 203 59 9.9 7.7 
X 11.5 3.38 8.00 2.260 0.390 0.220 X 17.1 2 180 203 57 9.9 5.6 
C 7 x 14.75 4.33 7.00 2.299 0.366 0.419 C 180 x 22 2 790 178 58 9.3 10.6 
X 12.25 3.60 7.00 2.194 0.366 0.314 X 18.2 2 320 178 55 9.3 8.0 
X 9.8 2.87 7.00 2.090 0.366 0.210 X 14.6 1 850 178 53 9.3 5.3 
C 6 x 13 3.83 6.00 2.157 0.343 0.437 C 150 x 19.3 2 470 152 54 8.7 11.1 
X 10.5 3.09 6.00 2.034 0.343 0.314 X 15.6 1 990 152 51 8.7 8.0 
X 8.2 2.40 6.00 1.920 0.343 0.200 X 12.2 1 550 152 48 8.7 5.1 
C5x9 2.64 5.00 1.885 0.320 0.325 C 130 X 13 1 700 127 47 8.1 8.3 
X 6.7 1.97 5.00 1.750 0.320 0.190 X 10.4 1 270 127 44 8.1 4.8 
C 4 x 7.25 2.13 4.00 1.721 0.296 0.321 C 100 x 10.8 1 370 102 43 7.5 8.2 
X 6.25 1.84 4.00 1.647 0.296 0.247 X 9.3 1 187 102 42 7.5 6.3 
X 5.4 1.59 4.00 1.584 0.296 0.184 x8 1 030 102 40 7.5 4.7 
X 4.5 1.32 4.00 1.520 0.296 0.125 X 6.7 852 102 39 7.5 3.2 
C3x6 1.76 3.00 1.596 0.273 0.356 C 75 x 8.9 1 130 76 40 6.9 9.0 
x5 1.47 3.00 1.498 0.273 0.258 X 7.4 948 76 37 6.9 6.6 
x4.1 1.21 3.00 1.410 0.273 0.170 X 6.1 781 76 35 6.9 4.3 
X 3.5 1.03 3.00 1.372 0.273 0.132 X 5.2 665 76 35 6.9 3.4 ,, 
A Actual flange and web thicknesses vary due to mill rolling practices; however, permitted variations for such dimensions are not addressed. 
57 