ASME BPVC.II.A-2025 SA-6/SA-6M 
TABLE A2.1 Continued 
Designation Flange Designation Flange (Nominal [Nominal Web 
Depth in Area Depth Web Depth in Milli- Area A, Depth Thick-
Inches and A, d, Width Thick- Thickness metres and d, Width Thick-
mm 2 ness 
Weight in in. 2 in. b• ness fw, in.A Mass in Kilo- mm b• ness, tw, 
Pounds per in. t. grams per mm t,, mmA 
Linear Foot) in.A Metre] mmA 
X 395 116.2 38.37 16.830 2.200 1.220 X 588 75 000 975 427 55.9 31.0 
X 361 106.1 37.99 16.730 2.010 1.120 X 537 68 500 965 425 51.1 28.4 
X 330 97.0 37.67 16.630 1.850 1.020 X 491 62 600 957 422 47.0 25.9 
X 302 88.8 37.33 16.655 1.680 0.945 X 449 57 600 948 423 42.7 24.0 
X 282 82.9 37.11 16.595 1.570 0.885 X 420 53 500 943 422 39.9 22.5 
X 262 77.0 36.85 16.550 1.440 0.840 X 390 49 700 936 420 36.6 21.3 
X 247 72.5 36.67 16.510 1.350 0.800 X 368 46 800 931 419 34.3 20.3 
X 231 68.0 36.49 16.470 1.260 0.760 X 344 43 900 927 418 32.0 19.3 
W36 x 387 113.6 39.09 12.677 2.559 1.421 W920 x 576 73 320 993 322 65.0 36.1 
X 350 102.9 38.62 12.559 2.319 1.299 X 521 66 370 981 319 58.9 33.0 
X 318 93.6 38.23 12.441 2.130 1.181 X 474 60 390 971 316 54.1 30.0 
X 286 84.0 37.83 12.323 1.929 1.059 X 425 54 200 961 313 49.0 . 26.9 
X 256 75.4 37.43 12.215 1.730 0.960 X 381 48 600 951 310 43.9 24.4 
X 232 68.1 37.12 12.120 1.570 0.870 X 345 44 000 943 308 39.9 22.1 
X 210 61.8 36.69 12.180 1.360 0.830 X 313 39 900 932 309 34.5 21.1 
X 194 57.0 36.49 12.115 1.260 0.765 X 289 36 800 927 308 32.0 19.4 
X 182 53.6 36.33 12.075 1.180 0.725 X 271 34 600 923 307 30.0 18.4 
X 170 50.0 36.17 12.030 1.100 0.680 X 253 32 300 919 306 27.9 17.3 
X 160 47.0 36.01 12.000 1.020 0.650 X 238 30 300 915 305 25.9 16.5 
X 150 44.2 35.85 11.975 0.940 0.625 X 223 28 500 911 304 23.9 15.9 
X 135 39.7 35.55 11.950 0.790 0.600 X 201 25 600 903 304 20.1 15.2 
W33 x 387 114.0 35.95 16.200 2.280 1.260 W840 x 576 73 500 913 411 57.9 32.0 
X 354 104.1 35.55 16.100 2.090 1.160 X 527 67 200 903 409 53.1 29.5 
X 318 93.5 35.16 15.985 1.890 1.040 X 473 60 300 893 406 48.0 26.4 
X 291 85.6 34.84 15.905 1.730 0.960 X 433 55 200 885 404 43.9 24.4 
X 263 77.4 34.53 15.805 1.570 0.870 X 392 49 900 877 401 39.9 22.1 
X 241 70.9 34.18 15.860 1.400 0.830 X 359 45 700 868 403 35.6 21.1 
X 221 65.0 33.93 15.805 1.275 0.775 X 329 41 900 862 401 32.4 19.7 
X 201 59.1 33.68 15.745 1.150 0.715 X 299 38 100 855 400 29.2 18.2 
W33 x 169 49.5 33.82 11.500 1.220 0.670 W840 x 251 31 900 859 292 31.0 17.0 
X 152 44.7 33.49 11.565 1.055 0.635 X 226 28 800 851 294 26.8 16.1 
X 141 41.6 33.30 11.535 0.960 0.605 X 210 26 800 846 293 24.4 15.4 
X 130 38.3 33.09 11.510 0.855 0.580 X 193 24 700 840 292 21.7 14.7 
X 118 34.7 32.86 11.480 0.740 0.550 X 176 22 400 835 292 18.8 14.0 
W30 x 391 115.0 33.19 15.590 2.440 1.360 W760 x 582 74 200 843 396 62.0 34.5 
X 357 104.8 32.80 15.470 2.240 1.240 X 531 67 600 833 393 56.9 31.5 
X 326 95.7 32.40 15.370 2.050 1.140 X 484 61 700 823 390 52.1 29.0 
X 292 85.7 32.01 15.255 1.850 1.020 X 434 55 300 813 387 47.0 25.9 
X 261 76.7 31.61 15.155 1.650 0.930 X 389 49 500 803 385 41.9 23.6 
X 235 69.0 31.30 15.055 1.500 0.830 X 350 44 500 795 382 38.1 21.1 
X 21i 62.0 30.94 15.105 1.315 0.775 X 314 40 000 786 384 33.4 19.7 
X 191 56.1 30.68 15.040 1.185 0.710 X 284 36 200 779 382 30.1 18.0 
X 173 50.8 30.44 14.985 1.065 0.655 X 257 32 800 773 381 27.1 16.6 
W30 x 148 43.5 30.67 10.480 1.180 0.650 W760 x 220 28 100 779 266 30.0 16.5 
X 132 38.9 30.31 10.545 1.000 0.615 X 196 25 100 770 268 25.4 15.6 
X 124 36.5 30.17 10.515 0.930 0.585 X 185 23 500 766 267 23.6 14.9 
X 116 34.2 30.01 10.495 0.850 0.565 X 173 22 100 762 267 21.6 14.4 
X 108 31.7 29.83 10.475 0.760 0.545 X 161 20 500 758 266 19.3 13.8 
X 99 29.1 29.65 10.450 0.670 0.520 X 147 18 800 753 265 17.0 13.2 
X 90 26.4 29.53 10.400 0.610 0.470 X 134 17 000 750 264 15.5 11.9 
W27 X 539 158.4 32.52 15.255 3.540 1.970 W690 x 802 102 200 826 387 89.9 50.0 
X 368 108.1 30.39 14.665 2.480 1.380 X 548 69 800 772 372 63.0 35.1 
X 336 98.7 30.0 14.550 2.280 1.260 X 500 63 700 762 369 57.9 32.0 
X 307 90.2 29.61 14.445 2.090 1.160 X 457 58 200 752 367 53.1 29.5 
X 281 82.6 29.29 14.350 1.930 1.060 X 419 53 300 744 364 49.0 26.9 
X 258 75.7 28.98 14.270 1.770 0.980 X 384 48 900 736 362 45.0 24.9 
X 235 69.1 28.66 14.190 1.610 0.910 X 350 44 600 728 360 40.9 23.1 
X 217 63.8 28.43 14.115 1.500 0.830 X 323 41 100 722 359 38.1 21.1 
X 194 57.0 28.11 14.035 1.340 0.750 X 289 36 800 714 356 34.0 19.0 
X 178 52.3 27.81 14.085 1.190 0.725 X 265 33 700 706 358 30.2 18.4 
X 161 47.4 27.59 14.020 1.080 0.660 X 240 30 600 701 356 27.4 16.8 
X 146 42.9 27.38 13.965 0.975 0.605 X 217 27 700 695 355 24.8 15.4 
49 