ASME BPVC.II.A-2025 SA-6/SA·6M 
TABLE A2.1 Continued 
Designation Flange Designation Flange (Nominal [Nominal Web 
Depth In Area Depth Thick- Web Depth in Milli- A_reaA, Depth Thick- Thick-
Inches and A, d, Width Thickness metres and mm 2 d, Width ness 
Weight in in. 2 in. b• 
ness two in.A Mass in Kilo- mm bo ness, two 
Pounds per in. t. grams per mm to mmA 
Linear Foot) in.A Metre] mmA 
W18 x 71 20.8 18.47 7.635 0.810 0.495 W460 x 106 13 400 469 194 20.6 12.6 
X 65 19.1 18.35 7.590 0.750 0.450 X 97 12 300 466 193 19.0 11.4 
X 60 17.6 18.24 7.555 0.695 0.415 X 89 11 400 463 192 17.7 10.5 
X 55 16.2 18.11 7.530 0.630 0.390 X 82 10 500 460 191 16.0 9.9 
X 50 14.7 17.99 7.495 0.570 0.355 X 74 9 480 457 190 14.5 9.0 
W18 x 46 13.5 18.06 6.060 0.605 0.360 W460 x 68 8 710 459 154 15.4 9.1 
X 40 11.8 17.90 6.015 0.525 0.315 X 60 7 610 455 153 13.3 8.0 
X 35 10.3 17.70 6.000 0.425 0.300 X 52 6 650 450 152 10.8 7.6 
W16 x 100 29.4 16.97 10.425 0.985 0.585 W410 x 149 19 000 431 265 25.0 14.9 
X 89 26.2 16.75 10.365 0.875 0.525 X 132 16 900 425 263 22.2 13.3 
X 77 22.6 16.52 10.295 0.760 0.455 X 114 14 600 420 261 19.3 11.6 
X 67 19.7 16.33 10.235 0.665 0.395 X 100 12 700 415 260 16.9 10.0 
W16 x 57 16.8 16.43 7.120 0.715 0.430 W410 x 85 10 800 417 181 • 18.2 10.9 
X 50 14.7 16.26 7.070 0.630 0.380 X 75 9 480 413 180 16.0 9.7 
X 45 13.3 16.13 7.035 0.565 0.345 X 67 8 580 410 179 14.4 8.8 
X 40 11.8 16.01 6.995 0.505 0.305 X 60 7 610 407 178 12.8 7.7 
X 36 10.6 15.86 6.985 0.430 0.295 X 53 6 840 403 177 10.9 7.5 
W16x31 9.12 15.88 5.525 0.440 0.275 W410 x 46.1 5 880 403 140 11.2 7.0 
X 26 7.68 15.69 5.500 0.345 0.250 X 38.8 4 950 399 140 8.8 6.4 
W14 x 873 256.5 23.62 18.755 5.510 3.935 W360 x 1299 165 000 600 476 140.0 100.0 
X 808 237.3 22.84 18.560 5.120 3.740 X 1202 153 000 580 471 130.0 95.0 
X 730 215.0 22.42 17.890 4.910 3.070 X 1086 139 000 569 454 125.0 78.0 
X 665 196.0 21.64 17.650 4.520 2.830 X 990 126 000 550 448 115.0 71.9 
X 605 178.0 20.92 17.415 4.160 2.595 X 900 115 000 531 442 106.0 65.9 
X 550 162.0 20.24 17.200 3.820 2.380 X 818 105 000 514 437 97.0 60.5 
X 500 147.0 19.60 17.010 3.500 2.190 X 744 94 800 498 432 88.9 55.6 
X 455 134.0 19.02 16.835 3.210 2.015 X 677 86 500 483 428 81.5 51.2 
X 426 125.0 18.67 16.695 3.035 1.875 X 634 80 600 474 424 77.1 47.6 
X 398 117.0 18.29 16.590 2.845 1.770 X 592 75 500 465 421 72.3 45.0 
X 370 109.0 17.92 16.475 2.660 1.655 X 551 70 300 455 418 67.6 42.0 
X 342 101.0 17.54 16.360 2.470 1.540 X 509 65 200 446 416 62.7 39.1 
X 311 91.4 17.12 16.230 2.260 1.410 X 463 59 000 435 412 57.4 35.8 
X 283 83.3 16.74 16.110 2.070 1.290 X 421 53 700 425 409 52.6 32.8 
X 257 75.6 16.38 15.995 1.890 1.175 X 382 48 800 416 406 48.0 29.8 
X 233 68.5 16.04 15.890 1.720 1.070 X 347 44 200 407 404 43.7 27.2 
X 211 62.0 15.72 15.800 1.560 0.980 X 314 40 000 399 401 39.6 24.9 
X 193 56.8 15.48 15.710 1.440 0.890 X 287 36 600 393 399 36.6 22.6 
X 176 51.8 15.22 15.650 1.310 0.830 X 262 33 400 387 398 33.3 21.1 
X 159 46.7 14.98 15.565 1.190 0.745 X 237 30 100 380 395 30.2 18.9 
X 145 42.7 14.78 15.500 1.090 0.680 X 216 27 500 375 394 27.7 17.3 
W14 x 132 38.8 14.66 14.725 1.030 0.645 W360 x 196 25 000 372 374 26.2 16.4 
X 120 35.3 14.48 14.670 0.940 0.590 X 179 22 800 368 373 23.9 15.0 
X 109 32.0 14.32 14.605 0.860 0.525 X 162 20 600 364 371 21.8 13.3 
X 99 29.1 14.16 14.565 0.780 0.485 X 147 18 800 360 370 19.8 12.3 
X 90 26.5 14.02 14.520 0.710 0.440 X 134 17 100 356 369 18.0 11.2 
W14 x 82 24.1 14.31 10.130 0.855 0.510 W360 x 122 15 500 363 257 21.7 13.0 
X 74 21.8 14.17 10.070 0.785 0.450 X 110 14 100 360 256 19.9 11.4 
X 68 20.0 14.04 10.035 0.720 0.415 X 101 12 900 357 255 18.3 10.5 
X 61 17.9 13.89 9.995 0.645 0.375 X 91 11 500 353 254 16.4 9.5 
W14 x 53 15.6 13.92 8.060 0.660 0.370 W360 x 79 10 100 354 205 16.8 9.4 
X 48 14.1 13.79 8.030 0.595 0.340 x72 9 100 350 204 15.1 8.6 
X 43 12.6 13.66 7.995 0.530 0.305 X 64 8 130 347 203 13.5 7.7 
W14 x 38 11.2 14.10 6.770 0.515 0.310 W360 x 58 7 230 358 172 13.1 7.9 
X 34 10.0 13.98 6.745 0.455 0.285 X 51 6 450 355 171 11.6 7.2 
X 30 8.85 13.84 6.730 0.385 0.270 X 44.6 5 710 352 171 9.8 6.9 
W14 x 26 7.69 13.91 5.025 0.420 0.255 W360 x 39.0 4 960 353 128 10.7 6.5 
X 22 6.49 13.74 5.000 0.335 0.230 X 32.9 4. 190 349 127 8.5 5.8 
51 