SA-370 ASME BPVC.II.A-2025 
TABLE 6 Brinell Hardness NumbersA 
(Ball 10 mm in Diameter, Applied Loads of 500, 1500, and 3000 kgf) 
Brinell Hardness Brinell Hardness Brinell Hardness Brinell Hardness 
Diameter Number Diameter Number Diameter Number Diameter Number 
ol lndenta- of of of 500- 1500- 3000- lndenta- 500- 1500- 3000- lndenta- 500- 1500- 3000- lndenta- 500- 1500- 3000-
tion, mm kgl kgl kgf lion, mm kgf kgl kgl lion, mm kgl kgl kgl lion, mm kgl kgf kgf 
Load Load Load Load Load Load Load Load Load Load Load Load 
2.00 158 473 945 3.25 58.6 176 352 4.50 29.8 89.3 179 5.75 17.5 52.5 105 
2.01 156 468 936 3.26 58.3 175 350 4.51 29.6 88.8 178 5.76 17.4 52.3 105 
2.02 154 463 926 3.27 57.9 174 347 4.52 29.5 88.4 177 5.77 17.4 52.1 104 
2.03 153 459 917 3.28 57.5 173 345 4.53 29.3 88.0 176 5.78 17.3 51.9 104 
2.04 151 454 908 3.29 57.2 172 343 4.54 29.2 87.6 175 5.79 17.2 51.7 103 
2.05 150 450 899 3.30 56.8 170 341 4.55 29.1 87.2 174 5.80 17.2 51.5 103 
2.06 148 445 890 3.31 56.5 169 339 4.56 28.9 86.8 174 5.81 17.1 51.3 103 
2.07 147 441 882 3.32 56.1 168 337 4.57 28.8 86.4 173 5.82 17.0 51.1 102 
2.08 146 437 873 3.33 55.8 167 335 4.58 28.7 86.0 172 5.83 17.0 50.9 102 
2.09 144 432 865 3.34 55.4 166 333 4.59 28.5 85.6 171 5.84 16.9 50.7 101 
2.10 143 428 856 3.35 55.1 165 331 4.60 28.4 85.4 170 5.85 16.8 50.5 101 
2.11 141 424 848 3.36 54.8 164 329 4.61 28.3 84.8 170 5.86 16.8 50.3 101 
2.12 140 420 840 3.37 54.4 163 326 4.62 28.1 84.4 169 5.87 16.7 50.2 100 
2.13 139 416 832 3.38 54.1 162 325 4.63 28.0 84.0 168 5.88 16.7 50.0 99.9 
2.14 137 412 824 3.39 53.8 161 323 4.64 27.9 83.6 167 5.89 16.6 49.8 99.5 
2.15 136 408 817 3.40 53.4 160 321 4.65 27.8 83.3 167 5.90 16.5 49.6 99.2 
2.16 135 404 809 3.41 53.1 159 319 4.66 27.6 82.9 166 5.91 16.5 49.4 98.8 
2.17 134 401 802 3.42 52.8 158 317 4.67 27.5 82.5 165 5.92 16.4 49.2 98.4 
2.18 132 397 794 3.43 52.5 157 315 4.68 27.4 82.1 164 5.93 16.3 49.0 98.0 
2.19 131 393 787 3.44 52.2 156 313 4.69 27.3 81.8 164 5.94 16.3 48.8 97.7 
2.20 130 390 780 3.45 51.8 156 311 4.70 27.1 81.4 163 5.95 16.2 48.7 97.3 
2.21 129 386 772 3.46 51.5 155 309 4.71 27.0 81.0 162 5.96 16.2 48.5 96.9 
2.22 128 383 765 3.47 51.2 154 307 4.72 26.9 80.7 161 5.97 16.1 48.3 96.6 
2.23 126 379 758 3.48 50.9 153 306 4.73 26.8 80.3 161 5.98 16.0 48.1 96.2 
2.24 125 376 752 3.49 50.6 152 304 4.74 26.6 79.9 160 5.99 16.0 47.9 95.9 
2.25 124 372 745 3.50 50.3 151 302 4.75 26.5 79.6 159 6.00 15.9 47.7 95.5 
2.26 123 369 738 3.51 50.0 150 300 4.76 26.4 79.2 158 6.01 15.9 47.6 95.1 
2.27 122 366 732 3.52 49.7 149 298 4.77 26.3 78.9 158 6.02 15.8 47.4 94.8 
2.28 121 363 725 3.53 49.4 148 297 4.78 26.2 78.5 157 6.03 15.7 47.2 94.4 
2.29 120 359 719 3.54 49.2 147 295 4.79 26.1 78.2 156 6.04 15.7 47.0 94.1 
2.30 119 356 712 3.55 48.9 147 293 4.80 25.9 77.8 156 6.05 15.6 46.8 93.7 
2.31 118 353 706 3.56 48.6 146 292 4.81 25.8 77.5 155 6.06 15.6 46.7 93.4 
2.32 117 350 700 3.57 48.3 145 290 4.82 25.7 77.1 154 6.07 15.5 46.5 93.0 
2.33 116 347 694 3.58 48.0 144 288 4.83 25.6 76.8 154 6.08 15.4 46.3 92.7 
2.34 115 344 688 3.59 47.7 143 286 4.84 25.5 76.4 153 6.09 15.4 46.2 92.3 
2.35 114 341 682 3.60 47.5 142 285 4.85 25.4 76.1 152 6.10 15.3 46.0 92.0 
2.36 113 338 676 3.61 47.2 142 283 4.86 25.3 75.8 152 6.11 15.3 45.8 91.7 
2.37 112 335 670 3.62 46.9 141 282 4.87 25.1 75.4 151 6.12 15.2 45.7 91.3 
2.38 111 332 665 3.63 46.7 140 280 4.88 25.0 75.1 150 6.13 15.2 45.5 91.0 
2.39 110 330 659 3.64 46.4 139 278 4.89 24.9 74.8 150 6.14 15.1 45.3 90.6 
2.40 109 327 653 3.65 46.1 138 277 4.90 24.8 74.4 149 6.15 15.1 45.2 90.3 
2.41 108 324 648 3.66 45.9 138 275 4.91 24.7 74.1 148 6.16 15.0 45.0 90.0 
2.42 107 322 643 3.67 45.6 137 274 4.92 24.6 73.8 148 6.17 14.9 44.8 89.6 
2.43 106 319 637 3.68 45.4 136 272 4.93 24.5 73.5 147 6.18 14.9 44.7 89.3 
2.44 105 316 632 3.69 45.1 135 271 4.94 24.4 73.2 146 6.19 14.8 44.5 89.0 
2.45 104 313 627 3.70 44.9 135 269 4.95 24.3 72.8 146 6.20 14.7 44.3 88.7 
2.46 104 311 621 3.71 44.6 134 268 4.96 24.2 72.5 145 6.21 14.7 44.2 88.3 
2.47 103 308 616 3.72 44.4 133 266 4.97 24.1 72.2 144 6.22 14.7 44.0 88.0 
2.48 102 306 611 3.73 44.1 132 265 4.98 24.0 71.9 144 6.23 14.6 43.8 87.7 
2.49 101 303 606 3.74 43.9 132 263 4.99 23.9 71.6 143 6.24 14.6 43.7 87.4 
2.50 100 301 601 3.75 43.6 131 262 5.00 23.8 71.3 143 6.25 14.5 43.5 87.1 
2.51 99.4 298 597 3.76 43.4 130 260 5.01 23.7 71.0 142 6.26 14.5 43.4 86.7 
2.52 98.6 296 592 3.77 43.1 129 259 5.02 23.6 70.7 141 6.27 14.4 43.2 86.4 
2.53 97.8 294 587 3.78 42.9 129 257 5.03 23.5 70.4 141 6.28 14.4 43.1 86.1 
2.54 97.1 291 582 3.79 42.7 128 256 5.04 23.4 70.1 140 6.29 14.3 42.9 85.8 
2.55 96.3 289 578 3.80 42.4 127 255 5.05 23.3 69.8 140 6.30 14.2 42.7 85.5 
2.56 95.5 287 573 3.81 42.2 127 253 5.06 23.2 69.5 139 6.31 14.2 42.6 85.2 
2.57 94.8 284 569 3.82 42.0 126 252 5.07 23.1 69.2 138 6.32 14.1 42.4 84.9 
2.58 94.0 282 564 3.83 41.7 125 250 5.08 23.0 68.9 138 6.33 14.1 42.3 84.6 
2.59 93.3 280 560 3.84 41.5 125 249 5.09 22.9 68.6 137 6.34 14.0 42.1 84.3 
2.60 92.6 278 555 3.85 41.3 124 248 5.10 22.8 68.3 137 6.35 14.0 42.0 84.0 
2.61 91.8 276 551 3.86 41.1 123 246 5.11 22.7 68.0 136 6.36 13.9 41.8 83.7 
2.62 91.1 273 547 3.87 40.9 123 245 5.12 22.6 67.7 135 6.37 13.9 41.7 83.4 
2.63 90.4 271 543 3.88 40.6 122 244 5.13 22.5 67.4 135 6.38 13.8 41.5 83.1 
2.64 89.7 269 538 3.89 40.4 121 242 5.14 22.4 67.1 134 6.39 13.8 41.4 82.8 
2.65 89.0 267 534 3.90 40.2 121 241 5.15 22.3 66.9 134 6.40 13.7 41.2 82.5 
2.66 88.4 265 530 3.91 40.0 120 240 5.16 22.2 66.6 133 6.41 13.7 41.1 82.2 
2.67 87.7 263 526 3.92 39.8 119 239 5.17 22.1 66.3 133 6.42 13.6 40.9 81.9 
2.68 87.0 261 522 3.93 39.6 119 237 5.18 22.0 66.0 132 6.43 13.6 40.8 81.6 
2.69 86.4 259 518 3.94 39.4 118 236 5.19 21.9 65.8 132 6.44 13.5 40.6 81.3 
600 