SA-524/SA-524M ASME BPVC.II.A-2025 
0.375 [9.52] 49.56 [73.82] std 1200 [8.3] 
0.406 [1 o.31 l 53.52 [79.74] 40 1100 [7.6] 
0.500 [12.70] 65.42 [97.44] XS 1400 [9.7] 
0.562 [14.27] 73.15 [108.96] 60 1600 [11.0] 
0.688 [17.48] 88.63 [132.01] 80 1900 [13.1] 
0.844 [21.44] 107.32 (159.91] 100 2400 [16.5] 
1.000 [25.40] 125.49 [186.98] XXS 120 2800 [19.3] 
1.125 (28.58] 139.68 [208.12] 140 2800 [19.3] 
1.312 (33.32] 160.27 [238.80] 160 2800 (19.3] 
14 350 0.250 [6.35] 36.71 [54.68] 10 750 (5.2] 
0.312 [7.92] 45.61 [67.94] 20 950 [6.6] 
0.375 [9.52] 54.57 [81.28] std 30 1100 [7.6] 
0.438 [11.13] 63.44 [94.49] 40 1100 [7.6] 
0.500 [12. 70] 72.09 (107.38] XS 1300 (9.0] 
0.594 [15.09] 85.05 [126.72] 60 1500 (10.3] 
0. 750 [19.05] 106.13 [158.08] 80 1900(13.1] 
0.938 [23.83] 130.85 (194.90] 100 2400 [16.5] 
1.094 [27.79] 150.79 [234.68] 120 2800 [19.3] 
1.250 [31.75] 170.22 [253.63] 140 2800 (19.3] 
1.406 [35. 71 l 189.11 [281.77] 160 2800 [19.3] 
16 400 0.250 [6.35] 42.05 (62.63] 10 650 (4.5] 
0.312 [7.92] 52.27 [77.86] 20 800 [5.5] 
0.375 (9.52] 62.58 [93.21] std 30 1000 [6.9] 
0.500 [12.70] 82.77 (123.29] XS 40 1100 (7.6] 
0.656 [16.66] 107.50 (160.18] 60 1500 [10.3] 
0.844 [21.44] 136.62 (203.56] 80 1900 [13.1] 
1.031 [26.19] 164.82 (245.58] 100 2300 (15.9] 
1.219 [30.96] 192.43 (286.72] 120 2700 [18.6] 
1.438 [36.52] 223.64 [333.22] 140 2800 [19.3] 
1.594 [40.49] 245.25 [365.42] 160 2800 [19.3] 
18 450 0.250 [6.35] 47.39 [70.59] 10 600 [4.1] 
0.312 [7.92] 58.94 [87.79] 20 750 [5.2] 
0.375 [9.52] 70.59 [105.14] std 900 [6.2] 
0.438 [11.13] 82.15 [122.36] 30 900 [6.2] 
0.500 [12.70] 93.45 [139.19] XS 1000 [6.9] 
0.562 [14.27] 104.67 [155.91] 40 1100 [7.6] 
0.750 [19.05] 138.17 [205.80] 60 1500 [10.3] 
0.938 [23.83] 170.92 [254.59] 80 1900 [13.1] 
1.156 (29.36] 207.96 [309.86] 100 2300 [15.9] 
1.375 [34.92] 244.14 [363.77] 120 2800 [19.3] 
1.562 (39.67] 274.22 [408.54] 140 2800 [19.3] 
1.781 (45.24] 308.50 [459.67] 160 2800 [19.3] 
20 500 0.250 [6.35] 52.73 [78.54] 10 500 [3.4] 
0.375 [9.52] 78.60 [117.07] std 20 800 [5.5] 
0.500 [12.70] 104.13 [155.10] XS 30 900 [6.2] 
0.594 [15.09] 123.11 [183.43] 40 1100 [7.6] 
0.812 [20.62] 166.40 (247.85] 60 1500 [10.3] 
1.031 (26.19] 208.87 (311.22] 80 1900 (13.1] 
1.281 [32.54] 256.10 (381.59] 100 2300 [15.9] 
1.500 [38.1 OJ 296.37 [441.59] 120 2700 [18.6] 
1.750 [44.45] 341.10 [508.24] 140 2800 [19.3] 
1.969 [50.01 l 379.17 [564.96] 160 2800 [19.3] 
24 0.250 [6.35] 63.41 [94.45] 10 450 (3.1] 
0.375 [9.52] 94.62 [140.94] std 20 650 [4.5] 
~.500.[j2.ZOJ-~-~~~125.4.9~~-[t86..92J XS ------'t"50-[5c2] 
0.562 (14.27] 140.68 [209.54] 30 850 (5.9] 
0.688 [17.48] 171.29 [255.14] 40 1000 [6.9] 
0.969 [24.61] 238.85 [355.89] 60 1500 [10.3] 
1.219 [30.96] 296.58 [441.90] 80 1800 [12.4] 
1.531 [38.89] 367.39 [547.41] 100 2300 [15.9] 
1.812 [46.02] 429.39 [639.79] 120 2700 [18.6] 
2.062 [52.37] 483.12 [719.85] 140 2800 [19.3] 
2.344 [59.64] 542.14 [807.79] 160 2800 [19.3] 
26 0.250 [6.35] 68.75 [102.40] 400 [2.8] 
0.312 [7.92] 85.60 [127.50] 10 500 [3.4] 
0.375 [9.52] 102.63 [152.87] std 610 [4.2] 
0.500 [12.70] 136.17 [202.83] XS 20 690 [4.8] 
892 