SA-6/SA-6M 
Designation Flange (Nominal 
Depth in Area Depth 
Inches and A, d, Width Thick-
Weight in in. 2 in. 
b" in. ness t" 
Pounds per in.A 
Linear Foot) 
8 24 X 121 35.6 24.50 8.050 1.090 
X 106 31.2 24.50 7.870 1.090 
8 24 X 100 29.3 24.00 7.245 0.870 
X 90 26.5 24.00 7.125 0.870 
X 80 23.5 24.00 7.000 0.870 
8 20 X 96 28.2 20.30 7.200 0.920 
X 86 25.3 20.30 7.060 0.920 
8 20 X 75 22.0 20.00 6.385 0.795 
X 66 19.4 20.00 6.255 0.795 
8 18 X 70 20.6 18.00 6.251 0.691 
X 54.7 16.1 18.00 6.001 0.691 
8 15 X 50 14.7 15.00 5.640 0.622 
X 42.9 12.6 15.00 5.501 0.622 
8 12 X 50 14.7 12.00 5.477 0.659 
X 40.8 12.0 12.00 5.252 0.659 
8 12 X 35 10.3 12.00 5.078 0.544 
X 31.8 9.35 12.00 5.000 0.544 
8 10 X 35 10.3 10.00 4.944 0.491 
X 25.4 7.46 10.00 4.661 0.491 
8 8 X 23 6.77 8.00 4.171 0.425 
X 18.4 5.41 8.00 4.001 0.425 
8 6 X 17.25 5.07 6.00 3.565 0.359 
X 12.5 3,67 6.00 3.332 0.359 
8 5 X 10 2.94 5.00 3,004 0.326 
8 4 X 9.5 2.79 4.00 2,796 0.293 
X 7.7 2.26 4.00 2,663 0.293 
8 3 X 7.5 2.21 3.00 2,509 0.260 
X 5.7 1.67 3.00 2,330 0.260 
ASME BPVC.II.A-2025 
TABLE A2.2 "S" Shapes 
tr Y 
d X X 
Designation 
Web [Nominal 
Thick- Depth in Milli-
ness lw, metres and 
Mass in Kilo-in.A grams per 
Metre] 
0.800 8 610 X 180 
0.620 X 158 
0.745 S610x149 
0.625 X 134 
0.500 X 119 
0.800 8 510 X 143 
0.660 X 128 
0.635 S510x112 
0.505 X 98 
0.711 S460x104 
0.461 X 81.4 
0.550 8 380 X 74 
0.411 X 64 
0.687 S310x74 
0.462 X 60.7 
0.428 8 310 X 52 
0.350 X 47.3 
0.594 S250x52 
0.311 X 37.8 
0.441 S200x34 
0.271 X 27.4 
0.465 8 150 X 25.7 
0.232 X 18.6 
0.214 S130x15 
0.326 8 100 X 14.1 
0.193 X 11.5 
0.349 8 75 X 11.2 
0.170 X 8.5 
Flange 
Area A, Depth Thick-
mm 2 d, mm Width ness, b,, 
mm t" mmA 
23 000 622 204 27.7 
20 100 622 200 27.7 
18 900 610 184 22.1 
17 100 610 181 22.1 
15 200 610 178 22.1 
18 200 516 183 23.4 
16 300 516 179 23.4 
14 200 508 162 20.2 
12 500 508 159 20.2 
13 300 457 159 17.6 
10 400 457 152 17.6 
9 480 381 143 15.8 
8 130 381 140 15.8 
9 480 305 139 16.7 
7 740 305 133 16.7 
6 650 305 129 13.8 
6 030 305 127 13.8 
6 650 254 126 12.5 
4 810 254 118 12.5 
4 370 203 106 10.8 
3 480 203 102 10.8 
3 270 152 91 9.1 
2 360 152 85 9.1 
1 880 127 76 8.3 
1 800 102 71 7.4 
1 450 102 68 7.4 
1 430 76 64 6,6 
1 080 76 59 6.6 
A Actual flange and web thicknesses vary due to mill rolling practices; however, permitted variations for such dimensions are not addressed. 
54 
Web 
Thick-
ness 
lw, 
mmA 
20.3 
15.7 
18.9 
15.9 
12.7 
20,3 
16.8 
16.1 
12.8 
18.1 
11.7 
14.0 
10.4 
17.4 
11.7 
10.9 
8.9 
15.1 
7.9 
11.2 
6.9 
11.8 
5.9 
5.4 
8.3 
4.9 
8.9 
4.3 