ASME BPVC.II.A-2025 SA-354 
TABLE 3 Tensile Requirements for All Full-Size Fasteners-Inch-Pound Units 
Bolt Threads Stress Grade BC Grade BD 
Size, per Area.A Tensile Yield Tensile Yield in. inch in. 2 
Strength, Proof Load, Strength Strength, Proof Load, Strength 
min, lbf 8 min, lbf 0 (0.2 % offset), min, !bf" min, lbfF (0.2 % offset), 
min, lbf 0 min, lbfG 
2 3 4 5 6 7 8 9 
¼ 20 0.0318 4000 3 350 3 450 4 750 3 800 4100 
¼ 28 0.0364 4550 3 820 3 950 5450 4350 4 700 
5/16 18 0.0524 6 550 5 500 5 700 7 850 6300 6 800 
5/15 24 0.0580 7 250 6 090 6 300 8 700 6950 7 500 
3/a 16 0.0775 9 700 8 150 8 450 11 650 9 300 10 075 
3/a 24 0.0878 11 000 9220 9 550 13 200 10 500 11 400 
7/15 14 0.1063 13 300 11 150 11 600 15 950 12 750 13 850 
7/15 20 0.1187 14 840 12 470 12 900 17 800 14 200 15 400 
½ 13 0.1419 17 750 14 900 15 450 21 300 17 050 18 500 
½ 20 0.1599 19 990 16 790 17 400 24000 19 200 20750 
9/16 12 0.182 22 750 19 100 19 850 27 300 21 850 23600 
9/15 18 0.203 25 400 21 400 22100 30 400 24400 26350 
5/a 11 0.226 28 250 23 750 24 650 33900 27100 29400 
5/a 18 0.256 32000 26 800 27 900 38 400 30700 33250 
¾ 10 0.334 41 750 35 050 36400 50 100 40100 43400 
¾ 16 0.373 46 600 39100 40 650 56 000 44 800 48450 
7/a 9 0.462 57 750 48 500 50350 69 300 55450 60 100 
7/a 14 0.509 63 600 53 400 55450 76 400 61100 66150 
8 0.606 75 750 63650 66 050 90 900 72700 78800 
12 0.663 82 900 69700 72 250 99 400 79 600 86150 
14 UNS 0.679 84 900 71 300 74400 101 900 81 500 88250 
11/a 7 0.763 95 400 80 100 83150 114 450 91 550 99 200 
11/a 8 0.790 98 750 82 950 86 200 118500 94 800 102 700 
11/a 12 0.856 107 000 89 800 93 300 128 400 102 700 111 250 
1¼ 7 0.969 121 150 101 750 105 600 145 350 116300 126 000 
1¼ 8 1.000 125 000 105 000 109 000 150 000 120 000 130 000 
1¼ 12 1.073 134100 112600 116 950 161 000 128 800 139 450 
13/a 6 1.155 144 400 121 300 125 900 173 250 138 600 150 200 
13/a 8 1.233 154 150 129 450 134 400 185 000 148 000 160 300 
13/a 12 1.315 164 400 138 100 143 300 197 200 157 800 170 950 
1½ 6 1.405 175 650 147 550 153150 210 750 168 600 182 500 
1½ 8 1.492 186 500 156 650 162 250 233 800 175 050 194 000 
1½ 12 1.581 197 600 166 000 172 300 237 200 189 700 205 500 
1¾ 5 1.90 237 500 199 500 207 100 285 000 228 000 247 000 
1¾ 8 2.08 260 000 218 400 226 700 312 000 249 600 270 000 
2 4½ 2.50 312 500 262 500 272 500 375 000 300 000 325 000 
2 8 2.77 346 250 290 850 301 950 415 000 332 400 360 000 
2¼ 4½ 3.25 406 250 341 250 354 250 487 000 390 000 422 500 
2¼ 8 3.56 445 000 373 800 388 050 534 000 422 200 462 800 
2½ 4 4.00 500 000 420 000 436 000 600 000 480 000 520 000 
2½ 8 4.44 550 000 466 200 483 950 666 000 532 800 577 200 
2¾ 4 4.93 566 950 468 350 488 050 690 200 517 650 566 950 
2¾ 8 5.43 624450 515 850 537 550 750 200 570 150 624 450 
3 4 5.97 686 550 567 150 591 050 835 800 626 850 686 550 
3 8 6.51 748 650 618 450 644 500 911 400 683 550 748 650 
3¼ 4 7.10 816 500 674 500 702 900 994000 745 500 816 500 
3¼ 8 7.69 884 350 730 550 761 300 1 076 600 807 650 884 350 
3½ 4 8.33 957 950 791 350 824 650 1 166 200 874 650 957 950 
3½ 8 8.96 1030400 851 200 887 050 1254400 940 800 1030400 
3¾ 4 9.66 1 110 900 917 700 956 350 1352400 1 014 300 1 110 900 
3¾ 8 10.34 1 199 100 983 300 1 023 650 1447600 1085700 1 189 100 
4 4 11.08 1 274 200 1052600 1 096 900 1 551 200 1 163 400 1274200 
4 8 11.81 1 358 200 1 122 000 1 169 200 1653400 1240050 1358150 
A Stress Area, in. 2 = 0.7854 [D - 0.9743/ n] 2 where D = nominal diameter, in., and n = threads/in. 
8 Based on 125 000 psi for sizes¼ to 2½ in., inclusive, and on 115 000 psi for sizes over 2½ to 4 in., inclusive. 
c Based on 105 000 psi for sizes ¼ to 2½ in., inclusive, and on 95 000 psi for sizes over 2½ to 4 in., inclusive. 
0 Based on 109 000 psi for sizes¼ to 2½ in., inclusive, and on 99 000 psi for sizes over 2½ to 4 in., inclusive. 
"Based on 150 000 psi for sizes ¼ to 2½ in., inclusive, and on 140 000 psi for sizes over 2½ to 4 in., inclusive. 
FBased on 120 000 psi for sizes¼ to 2½ in., inclusive, and on 105 000 psi for sizes over 2½ to 4 in., inclusive. 
G Based on 130 000 psi for sizes¼ to 2½ in., inclusive, and on 115 000 psi for sizes over 2½ to 4 in., inclusive. 
561 