ASME BPVC.II.A-2025 SA-20/SA-20M 
/,,.--., TABLE A2.1 Permissible Variations in Thickness for Rectangular Plates 
Norn I-Permissible variation under specified thickness, 0.3 mm. When so specified, these permitted variations may be taken all over, in which case 
the sum of these permitted variations applies. 
Norn 2-Thickness shall be measured 10 to 20 mm from the longitudinal edge. 
Norn 3-For specified thicknesses other than those shown, the tolerances for the next higher thickness shall apply. 
NOTE 4--For thickness measured at any location other than that specified in Note 2, the permissible maximum over tolerance shall be increased by 
75 %, rounded to the nearest 0.1 mm. 
Specified Tolerance Over Specified Thickness for Widths Given in Millimetres, mm 
Thickness, 1200 and Over 1200 to 1500 to 1800to 2100 to 2400 to 2700 to 3000 to 3300 to 3600 to 4200 and mm Under 1500, excl 1800, 2100, 2400, 2700, 3000, 3300, 3600, 4200, Over 
excl excl excl excl excl excl excl excl 
5.0 0.8 0.8 0.8 0.8 0.8 0.8 0.8 0.9 1.0 
5.5 0.8 0.8 0.8 0.8 0.8 0.8 0.8 0.9 1.0 
6.0 0.8 0.8 0.8 0.8 0.8 0.8 0.9 1.0 1.1 
7.0 0.8 0.8 0.8 0.8 0.8 0.8 0.9 1.0 1.2 1.4 
8.0 0.8 0.8 0.8 0.8 0.8 0.8 0.9 1.0 1.2 1.4 
9.0 0.8 0.8 0.8 0.8 0.8 0.8 1.0 1.0 1.3 1.5 
10.0 0.8 0.8 0.8 0.8 0.8 0.8 1.0 1.0 1.3 1.5 1.7 
11.0 0.8 0.8 0.8 0.8 0.8 0.8 1.0 1.0 1.3 1.5 1.7 
12.0 0.8 0.8 0.8 0.8 0.8 0.9 1.0 1.0 1.3 1.5 1.8 
14.0 0.8 0.8 0.8 0.8 0.9 0.9 1.0 1.1 1.3 1.5 1.8 
16.0 0.8 0.8 0.8 0.8 0.9 0.9 1.0 1.1 1.3 1.5 1.8 
18.0 0.8 0.8 0.8 0.8 0.9 1.0 1.1 1.2 1.4 1.6 2.0 
20.0 0.8 0.8 0.8 0.8 0.9 1.0 1.2 1.2 1.4 1.6 2.0 
22.0 0.8 0.9 0.9 0.9 1.0 1.1 1.3 1.3 1.5 1.8 2.0 
25.0 0.9 0.9 1.0 1.0 1.0 1.2 1.3 1.5 1.5 1.8 2.2 
28.0 1.0 1.0 1.1 1.1 1.1 1.3 1.4 1.8 1.8 2.0 2.2 
30.0 1.1 1.1 1.2 1.2 1.2 1.4 1.5 1.8 1.8 2.1 2.4 
32.0 1.2 1.2 1.3 1.3 1.3 1.5 1.6 2.0 2.0 2.3 2.6 
35.0 1.3 1.3 1.4 1.4 1.4 1.6 1.7 2.3 2.3 2.5 2.8 
38.0 1.4 1.4 1.5 1.5 1.5 1.7 1.8 2.3 2.3 2.7 3.0 
40.0 1.5 1.5 1.6 1.6 1.6 1.8 2.0 2.5 2.5 2.8 3.3 
45.0 1.6 1.6 1.7 1.8 1.8 2.0 2.3 2.8 2.8 3.0 3.5 
50.0 1.8 1.8 1.8 2.0 2.0 2.3 2.5 3.0 3.0 3.3 3.8 
55.0 2.0 2.0 2.0 2.2 2.2 2.5 2.8 3.3 3.3 3.5 3.8 
60.0 2.3 2.3 2.3 2.4 2.4 2.8 3.0 3.4 3.4 3.8 4.0 
70.0 2.5 2.5 2.5 2.6 2.6 3.0 3.3 3.5 3.6 4.0 4.0 
80.0 2.8 2.8 2.8 2.8 2.8 3.3 3.5 3.5 3.6 4.0 4.0 
90.0 3.0 3.0 3.0 3.0 3.0 3.5 3.5 3.5 3.6 4.0 4.4 
100.0 3.3 3.3 3.3 3.3 3.5 3.8 3.8 3.8 3.8 4.4 4.4 
110.0 3.5 3.5 3.5 3.5 3.5 3.8 3.8 3.8 3.8 4.4 4.4 
120.0 3.8 3.8 3.8 3.8 3.8 3.8 3.8 3.8 3.8 4.8 4.8 
130.0 4.0 4.0 4.0 4.0 4.0 4.0 4.0 4.0 4.0 5.2 5.2 
140.0 4.3 4.3 4.3 4.3 4.3 4.3 4.3 4.3 4.3 5.6 5.6 
150.0 4.5 4.5 4.5 4.5 4.5 4.5 4.5 4.5 4.5 5.6 5.6 
160.0 4.8 4.8 4.8 4.8 4.8 4.8 4.8 4.8 4.8 5.6 5.6 
180.0 5.4 5.4 5.4 5.4 . 5.4 5.4 5.4 5.4 5.4 6.3 6.3 
200.0 5.8 5.8 6.0 6.0 6.0 6.0 6.0 6.0 6.0 7.0 7.0 
250.0 7.5 7.5 7.5 7.5 7.5 7.5 7.5 7.5 7.5 7.5 8.8 
300.0 7.5 7.5 9.0 9.0 9.0 9.0 9.0 9.0 9.0 9.0 9.0 
91 