ASME BPVC.ILA-2025 SA-370

TABLE 6 Continued

Brinell Hardness Brinell Hardness: Brinell Hardness . Brineli Hardness
Diameter Number Plamster Number Diameter Number Diameter Number

of Indenta- —500-  1500- 3000- Indenta-  500- 1500- 3000- Indenta-  500- 1500- 3000- Indentax 500- 1500- 3000-
tion, mm kof kf kat tion, mm = Kat kat Kf tion, mm = Kf kat kof tion, mm == Kat kat kf
Load Load Load Load Load Load Load Load Load Load Load Load
2.70 857 287 «B14 395 G91 7235 520 218 655 131 645 «135 «405 ~—«B1.0
27 851 255510 396 «989117234 521 217 652 130 646 184 40.4 80.7
2.72 844 253607 397 887 116-232 522 216 649 130 647 184 402 804
2.73 838 © 251 503, 398 = 385116231 523 216 «647 «129 648 134 40.1 80.1
2.74 832 250 499 399 383115230 524 215644129 649 133-399-798
2.75 826 © 248 «495 400 381114229 525 214 641128 650 133 398 796
2.76 B19 246 492 401379114228 526 213 639 «128 651 132 396 79.3
277 813 244 488 402-877 113-226 527-212 636 127 652 132895 73.0
2.78 808 242 485 403-875 113-225 528 21.1 633 127 653 131 89.4 78.7
2.79 802 240 481 404 873 12d 529 21.0 631126 654 = 13.1 39.2784
2.80 796 23947 405 87111223 530 209 «628 126 655 130 «391 782
2.81 790 237 474 406 870111222 531 20.9 626 125 656 = 130 389 78.0
2.82 784 235471 407° 368 11022 532 208 «623 «125 657 129-388 7.6
2.83 79 234467 408 366110219 533-207 621 124 658 = 12938773
2.84 73 282464 409 364109218 534 206 «618 124 659° 128 3857.1
2.85 768 230 461 410 362-109-217 535 205 «61.5 = 123 660 128° 384 76.8
2.86 762 229 457 an 360 108 216 536 204 «61.3 123 661 128 383 765
2.87 75.7 227 454 412 358 108215 537 20.3 610122 662 127 38.1 76.2
2.88 75.1 225451 413 957 107-214 538 203 608 122 663 «127 38.0 76.0
2.89 748 224448 414 955 108213 539 202 606 121 664 = 126 «87.9757
2.90 Tat 22244 415 953 106212 540 20.1 603 121 665 126 «87.7 75.4
2.91 738 221441 416 95.1 105 att 541 20.0 60.1 120 666 125 «376 752
2.92 730 219 438 447 349 105210 542 199 598 120 667 125 «875 74.9
2.93 725 218 435 418 848 = 104-209 543 199 596 119 668 = 124 «87.3747
2.94 720 216 492 419 846 = 104-208 544 198 593 119 669 124 372 744
2.95 715 215429 420 344 103-207 545 197 591 118 670 124 «87.1 74.4
2.96 710 213426 421 842 108-205 546 196 «589 «118 671 123° 369 739
2.97 705 212 «423 422 341 102 204 547 195586117 672 123 368 736
2.98 701 210 420 423 339 «102-203 548 «195 584117 673 122 «36.7 73.4
2.99 69s «209417 424 837 101-202 549 194 «582116 674 122-866 73.1
3.00 691 207 415 425 336 101201 550 193 579 16 675 121 364 72.8
3.01 686 = 208.412 426 334 «100-200 551 192 B77 115 676 «121 «363 72.6
3.02 682 205 409 427 832997 199 552 192 575 115 677 121-862 72.8
3.03 67.7 203» 406 428 33.1 992 198 553 191 «672 «114 678 120 360 72.1
3.04 673 202 © 404 429° 329 988 198 554 190 57.0114 679 120 359 71.8
3.05 668 200 401 430 828 983 197 555 189 «568 114 680 11.9 358 71.6
3.08 664 199 398 431 826 978 196 556 189 «56.6 113 681 9 357 71.3
3.07 659 198 395 432 824 973 195 557 188 «56.3113 6820 118 355 71.1
3.08 655 196 393, 433 823 968 = 194 558 187 «56.1112 683 118-354 70.8
3.09 650 195 + 380 434 82.1 964 193 559 186 559112 684 = 118 «353 70.6
3.10 646 © 194988 435 820-959 192 560 186 «557 111 685 = 11.7 352 70.4
ait 642 193985 436 818 955 191 5611855551 686 117) 35.1 70.1
3.12 638 191-383, 437 81.7 95.0 190 562 184 «552 110 687 116 34.9 69.9
3.13 633 190 380 438 31.5 (945 189 563 183 55.0110 688 116 34.8 69.6
3.14 629 189-378 439° 314 941 188 564 183-548 110 689 11.6 34.7 69.4
3.15 625 188 «875 440 312 936 187 565 182 546 109 690 115 346 © 69.2
3.16 62.1 186 373 441 B14 93.2 186 566 618.1 54.4109 691 15 345 68.9
3.17 617 185-370 442 309 927 185 567 181 542 108 692 114 34.3 68.7
3.18 613 184 «368 443 308 «92.3 185 568 = 180 54.0108 693 114 342 68.4
3.19 60.9 © 183366 444 306 «918 184 569 © 179 63.7 107 694 114 84.1 682
3.20 605 182 363 445 305-914 = 183 570 178 535 107 695 = 11.3340 68.0
3.21 60.1 180 361 446 303-910 182 571 178 «533 107 696 8611.3 339 «67.7
3.22 598 179 359 447 302905181 572 177 63.1 108 697 11.9 338 67.8
3.23 504 178 356 448 300 90.1 180 573 176 «52.9 106 698 112-336 «67.3
3.24 590 177 854 449° 299897 179 B74 176 «52.7 105 699 11233567.

4 Prepared by the Engineering Mechanics Section, Institute for Standards Technology.

601
