SA-790/SA-790M (ASTM A790/A790M)

ASME BPVC.I.A-2025

TABLE 3 Tensile and Hardness Requirements

Tensile Yield Elongation
UNS Tye Strength, Strength, in2 in. or Hardness, max
Designation yp min, ksi min, 50 mm, BW HRC
[MPa] ksi [MPa] min, %
$31200 100 [690} 65 [450] 25 280
831260 100 [690] 65 (450), 25 see “
831500 92 [630] 64 [440] 30 280 30
831803 90 [620] 65 [450] 25 280 30
832003
ts 100 {690} 70 (485) 25 290 30
0.187 in,
[5.00 mm]
t> 95 [655] 65 [450] 28 290 30
0.187 in.
[6.00 mm
32101
ts 101 {700} 77 (530) 30 290
0.187 in.
[6.00 mm
t> 94 [650] 65 [450] 30 290
0.187 in.
[5.00 mm}
32202 94 [650] 65 [450] 30 290 30
$3205 2205 95 [655] 65 [450] 25 280 30
832304 2304 87 [600] 58 [400] 25 290 30
832506 90 [620] 65 [450] 18 302 32
'$32520 412 [770] 80 [550], 25 310 a
832550 255 110 [760] 80 [550] 18 297 31
32707 133 [920] 101 {700} 25 318 34
832750 2507 116 (800 80 [550] 15 300 32
32760" 109 [750] 80 [550] 25 310 32
832808
t< 116 [800] 80 [550] 15 310 32
0.40 in.
[10 mm]
te 101 [700] 72 [500] 15 310 32
0.40 in,
[10 mm)
832900 329 90 [620] 70 1485] 20 art 28
832906
t< 116 [800] 94 [650] 25 300 32
0.40 in.
[10 mm]
t= 109 [750] 80 (550) 25 300 32
0.40 in.
[10 mm)
832950 100 [690] 70 [480] 20 280 30
833207
t< 198 [950] 112 [770] 15 336 36
0.187 in
[4 mm]
t= 128 [850] 101 [700] 15 336 36
0.187 in.
[4mm]
39274 116 {800} 80 [550] 15 310 32
839277 120 [825] 90 [620] 25 290 30
881921 90 [620] 65 [450] 25 290 30
82011
t< 101 [700] 75 (515) 30 293 31
0.187 in.
[5.00 mm]
t= 95 [655] 65 [450] 30 293 31
0.187 in,
[5.00 mm}
8221 94 [650] 65 [450] 25 286 30
82441
t< 407 [740] 78 [540] 25 290
0.4 in,
(10 mm]
t= 99 [680] 70 [480] 25 290
0.4 in,
[10 mm]
883071 120 [830] 98 [680] 25 300 32
383072 120 [830] 94 [650] 25 327 35

% Common name, not a trademark, widely used, not associated with any one producer. 329 is an AISI number.

® Prior to A790/A790M ~ 04, the tensile strength value for UNS 32760 was 109-130 ksi [750-895 MPa].
