ASME BPVG.II.A-2025 SA-370
_ TABLE 6 Continued
7 Brinell Hardness Brinell Hardness Brinell Hardness Brinell Hardness
Diameter Number Diameter Number Diameter Number Diameter Number
° andenter 500: 1800. 3000- Indenta-  500- 1500- 3000- Indenta- 500- 1500- 3000- Indenta-  500- 1500- 3000-
. ’ g gf kof tion, mm kof kof kgf tion, mm kof kof kof tion, mm kof kof kgf
Load Load _ Load Load Load _ Load Load Load Load Load Load _ Load
2.70 85.7 257 514 3.95 39.1 117 235 5.20 21.8 655 131 6.45 13.5 40.5 81.0
2.71 85.1 255 510 3.96 38.9 117 = 234 5.21 21.7 652 #130 6.46 13.4 40.4 80.7
: 2.72 84.4 253 507 3.97 38.7 116 = 282 5,22 21.6 64.9 130 6.47 13.4 402 80.4
2.73 83.8 251 503 3.98 38.5 116 231 5.23 216 64.7 129 6.48 13.4 40.1 80.1
2.74 83.2 250 499 3.99 38.3 115 230 5.24 21.5 644 129 6.49 13.3 39.9 79.8
2.75 82.6 248 495 4.00 38.1 114 229 5.25 21.4 64.1 128 6.50 13.3 39.8 79.6
2.76 81.9 246 492 4.01 37.9 114 228 5.26 21.3 63.9 128 6.51 13.2 39.6 79.3
2.77 81.3 244 488 4.02 37.7 113 226 5.27 21.2 63.6 127 6.52 13.2 39.5 79.0
2.78 80.8 242 485 4.03 37.5 113 225 5.28 21.4 63.3 127 6.53 13.1 39.4 78.7
2.79 80.2 240 481 4.04 37.3 112 224 5.29 21.0 63.1 126 6.54 13.1 392 78.4
2.80 79.6 239 477 4.05 37.1 111 223 5.30 20.9 62.8 126 6.55 13.0 39.1 78.2
2.81 79.0 237 3 474 4.06 37.0 111 222 5.31 20.9 62.6 125 6.56 13.0 38.9 78.0
_ 2.82 78.4 235 471 4.07 36.8 110 39221 5.32 20.8 62.3 125 6.57 12.9 388 776
a 2.83 77.9 234 467 4.08 36.6 110 219 5.33 20.7 = 62.1 124 6.58 12.9 38.7 77.3
. 2.84 77.3 232 464 4.09 36.4 109 218 5.34 20.6 61.8 124 6.59 128 38.5 77.1
. 2.85 76.8 230 461 4.10 36.2 109 217 5.35 20.5 61.5 123 6.60 128° 384 768
2.86 76.2 229 457 4.11 36.0 108 216 5.36 20.4 61.3 123 6.61 128 383 76.5
2.87 75.7 227 8 8=— 454 4.12 35.8 108 215 5.37 20.3 61.0 122 — 6.62 12.7 38.1 76.2
2.88 75.1 225 8451 4.13 35.7 107. 214 5.38 20.3 60.8 122 6.63 12.7 38.0 76.0
2.89 74.6 224 448 4.14 35.5 106 = 213 5.39 20.2 60.6 121 6.64 126 37.9 75.7
2.90 74.1 222 444 4.15 35.3 106 39212 5.40 20.1 60.3 #121 6.65 12.6 37.7 75.4
2.91 73.6 221 441 4.16 35.1 105s 21 5.41 20.0 ~=60.1 120 6.66 125 376 75.2
2.92 73.0 219 438 4.17 34.9 105 210 5.42 19.9 59.8 120 6.67 12.5 87.5 74.9
2.93 72.5 218 435 4.18 34.8 104 209 5.43 19.9 59.6 119 6.68 12.4 387.3 74.7
2.94 72.0 216 432 4.19 34.6 104 208 5.44 19.8 59.3 119 6.69 124 37.2 74.4
2.95 71.5 215 429 4.20 34.4 103 207 5.45 19.7 59.1 118 6.70 12.4 37.1 74.1
2.96 71.0 213 426 4.21 34.2 103 205 5.46 19.6 58.9 118 6.71 12.3 369 73.9
2.97 70.5 212 423 4.22 34.1 102 204 5.47 19.5 586 117 6.72 123 368 73.6
2.98 70.1 210 420 4.23 33.9 102 203 5.48 19.5 58.4 117 6.73 122 36.7 73.4
2.99 69.6 209 417 4.24 33.7 101 202 ~=——Ss«S5. 49 19.4 58.2 116 6.74 122 36.6 73.1
3.00 69.1 207 415 4.25 33.6 101 201 5.50 19.3 57.9 116 6.75 12.1 364 72.8
| 3.01 68.6 206 412 4.26 33.4 100 200 5.51 19.2 57.7 115 6.76 12.1 G63 72.6
{ 3.02 68.2 205 409 4.27 33.2 99.7 199 5.52 19.2 57.5 115 6.77 12.1 86.2 72.3
‘ 3.03 67.7 203 406 4.28 33.1 99.2 198 5.53 19.1 57.2 114 6.78 12.0 360 72.1
3.04 67.3 202 404 4.29 32.9 988 198 5.54 19.0 57.0 114 6.79 12.0 359 71.8
3.05 66.8 200 401 4,30 32.8 98.3 197 5.55 18.9 56.8 114 6.80 1.9 358 71.6
3.06 66.4 199 398 4,31 32.6 97.8 196 5.56 18.9 56.6 113 6.81 11.9 35.7 71.3
3.07 65.9 198 395 4.32 32.4 97.3 195 5.57 18.8 56.3 113 6.82 7.8 35.5 71.1
3.08 — 65.5 196 393 4.33 32.3 96.8 194 5.58 18.7 56.4 112 6.83 11.8 35.4 70.8
3.09 65.0 195 390 4.34 32.1 964 193 5.59 18.6 55.9 112 6.84 7.8 35.3 70.6
- 3.10 64.6 194 388 4.35 32.0 95.9 192 5.60 18.6 55.7 114 6.85 17.7 35.2 70.4
3.11 64.2 193 385 4.36 31.8 955 191 5.61 18.5 55.5 111 6.86 11.7 35.7 70.1
3.12 63.8 191 383 4.37 31.7 95.0 190 5.62 184 565.2 110 6.87 11.6 34.9 69.9
3.13 — 63.3 190 380 4.38 31.5 94.5 189 5.63 18.3 55.0 110 6.88 11.6 348 69.6
3.14 62.9 189 378 4.39 31.4 . 94.1 188 5.64 18.3 54.8 110 6.89 11.6 34.7 69.4
3.15 62.5 188 375 4.40 31.2 93.6 187 5.65 18.2 546 109 6.90 1.5 346 69.2
3.16 62.1 186 373 4.41 31.1 93.2 186 5.66 18.1 544 109 6.91 7.5 34.5 689
3.17 61.7 185 370 4.42 30.9 92.7 185 5.67 18.1 54.2 108 6.92 11.4 34.3 68.7
3.18 61.3 184 368 4.43 30.8 92.3 185 5.68 18.0 54.0 108 6.93 11.4 34.2 68.4
3.19 60.9 183 366 4.44 30.6 91.8 184 5.69 17.9 53.7 107. 6.94 11.4 34.7 68.2
3.20 60.5 182 363 4.45 30.5 91.4 183 5.70 17.88 535 107 6.95 11.3 34.0 68.0
[ 3.21 60.1 180 361 4.46 30.3 91.0 182 5.71 17.8 53.3. 107 — 6.96 11.3 339 67.7
. 3.22 59.8 179 359 4.47 30.2 90.5 #181 5.72 17.7 53.1 106 6.97 171.3 33.8 67.5
i 3.23 59.4 178 356 4.48 30.0 90.1 180 5.73 17.6 52.9 106 ~ 6.98 712 336 67.3
3.24 59.0 177 354 4,49 29.9 89.7 179 5.74 17.66 52.7 105 6.99 11.22 33.5 67.0
4 Prepared by the Engineering Mechanics Section, Institute for Standards Technology.
601
