SA-6/SA-6M ASME BPVC.ILA-2025
TABLE A2.1 Continued —
Designation Designation :
Depth in Area Depth Web Depth in Milli- Depth Thick- |
Inchos and A, d, Width Thick- Thickness metres and Area A , d, Width Thick- ness :
Weight in | in.? in. b, ness ty» in.4 Mass in Kilo- mm mm b, ness, tan
Pounds per in. Ss , | grams per ; mm fn A mm“
Linear Foot) In. Metre] mm :
W27 x 129 37.8 27.63 10.010 1.100 0.610 W690 x 192 24 400 702 254 27.9 15.5 .
x 114 33.5 27.29 10.070 0.930 0.570 x 170 21 600 693 256 23.6 14.5
x 102 30.0 27.09 10.015 0.830 0.515 x 152 19 400 688 254 21.1 13.1 :
x 94 27.7 26.92 9,990 0.745 0.490 x 140 17 900 684 254 18.9 12.4
x 84 24.8 26.71 9,960 0.640 0.460 x 125 16 000 678 253 16.3 11.7
W24 x 370 108.0 27.99 | 13.660 2.720 1.520 W610 x 551 70 200 711 347 69.1 33.6 .
x 335 98.4 27.52 13.520 2.480 1.380 x 498 63 500 699 343 63.0 | 35.1
x 306 89.8 27.13 13.405 2.280 1.260 x 455 57 900 689 | 340 57.9 32.0 :
x 279 82.0 26.73 13.305 2.090 1.160 x 415 52 900 679 338 53.1 29.5
x 250 | 73.5 26.34 13.185 1.890 1.040 x 372 47 400 669 335 48.0 | 26.4 _ :
x 229 67.2 | 26.02 13.110 1.730 0.960 x 341 43 400 661 333 43.9 24.4 7 .
x 207 60.7 25.71 13.010 1.570 0.870 x 307 39 100 653 330 39.9 22.1
x 192 | 56.3 25.47 | 12.950 1.460 0.810 x 285 36 100 647 | 329 37.1 20.6 .
x 176 51.7 25.24 12.890 1.340 0.750 x 262 33 300 641 327 34.0 19.0 |
x 162 | 47.7 | 25.00 12.955 1.220 0.705 x 241 30 800 635 329 31.0 | 17.9
x 146 43.0 24.74 12.900 1.090 0.650 x 217 27 700 628 328 27.7 16.5
x 134 38.5 24.48 12.855 0.960 0.605 x 195 24 800 622 327 24.4 15.4 |
x 117 34.4 24.26 | 12.800 0.850 0.550 x 174 22 200 616 325 21.6 14.0
x 104 30.6 24.06 12.750 0.750 0.500 x 155 19 700 611 324 | 19.0 12.7
W24 x 103 30.3 24.53 9.000 0.980 0.550 W610 x 153 19 600 623 229 24.9 14.0
x 94 27.7 24.31 9.065 0.875 0.515 | x 140 17 900 | 617 230 22.2 13.1 |
x 84 24.7 24.10 9.020 0.770 0.470 x 125 15 900 612 229 19.6 | 11.9
x 76 22.4 | 23.92 | 8.990 0.680 0.440 x 113 14 500 | #608 228 17.3 11.2 |
x 68 20.1 23.73 8.965 | 0.585 0.415 x 101 13 000 603 228 14.9 10.5
W24 x 62 18.2 23.74 | 7.040 0.590 0.430 | W610 x 92 11 700 603 179 15.0 | 10.9 :
x 55 16.2 23.57 7.005 0.505 0.395 x 82 10 500 599 178 12.8 10.0
W21x275 | 80.9 24.13 12.890 2.190 1.220 : W530 x 409 52 200 613 327 55.6 31.0
x 248 72.9 23.74 | 12.775 1.990 1.100 x 369 47 000 603 324 50.5 | 27.9
x 223 65.6 23.35 12.675 1.790 1.000 x 332 | 42 300 593 | 322 45.5 | 25.4
x 201 59.2 23.03 12.575 1.630 0.910 x 300 38 200 585 319 41.4 23.1 .
x 182 53.7 22.72 12.500 | 1.480 0.830 | x 272 34 600 577 317 37.6 21.1
x 166 48.9 22.48 12.420 1.360 0.750 x 248 | 31 500 571 315 34.5 19.0 ,
x 147 43.2 22.06 | 12.510 | 1.150 | 0.720 x 219 27 900 | 560 318 29.2 18.3 .
x 132 38.8 21.83 12.440 1.035 0.650. x 196 | 25 000 554 316 26.3 16.5 .
x 122 35.9 21.68 12.390 0.960 0.600 x 182 23 200 551 315 24.4 | 15.2
x 111 32.7 | 21.51 12.340 | 0.875 0.550 x 165 21 100 546 313 22.2 14.0
x 104 29.8 |}; 21.36 | 12.290 0.800 0.500 x 150 19 200 543 {| 312 20.3 12.7
Wa21 x 93 27.3 21.62 8.420 0.930 0.580 W530 x 138 17 600 549 214 | 236 | 14.7 , :
x 83 24.3 | 21:43 | 8.355 0.835 0.515 x 123 15 700 | 544 212 | 21.2 13.1
x 73 21.5 - 21.24 8.295 0.740 0.455 x 109 13 900 539 211 18.8 11.6
x 68 20.0 | 21.13 | 8270 | 0.685 | 0.430 x 101 12 900 | 537 210 17.4 10.9
x 62 18.3 20.99 8.240 0.615 0.400 x 92 | 11 800 533 | 209 15.6 - 10.2
x 55 { 16.2 20.80 8.220 0.522 | 0.375 x 82 10 500 528 209 13.3 9.50
x 48 14.1 20.62 8.140 0.430 0.350 x 72 9180 | 524 207 10.9 | 9.00
W21 x 57 16.7 21.06 6.555 0.650 0.405 W530 x 85 10 800 535 166 | 16.5 10.3 . |
x 50 | 14.7 20.83 6.530 0.535 0.380 x 74 9 480 529 166 13.6 9.7 -
x 44 13.0 20.66 6.500 0.450 0.350 x 66 8 390 525 165 11.4 | 89
W18 x 311 915 | 2232 {| 12.005 | 2.740 1.520 W460 x 464 59 100 567 305 69.6 38.6 :
x 283 83.2 | 21.85 | 11.890 2.500 1.400 x 424 53 700 555 302 63.5 | 35.6 ,
x 258 75.9 | 21.46 11.770 2.300 1.280 . x 384 49 000 | 545 | 299 58.4 | 32.5
x 234 68.8 21.06 11.650 2.110 1.160 | x 349 44 400 535 | 296 | 536 | 29.5
x 211 62.1 20.67 | 11.555 1.910 1.060 x 315 40 100 525 293 48.5 26.9 3
x 192 56.4 20.35 | 11.455 1.750 0.960 x 286 36 400 517 | 291 44.4 24.4
; x 175 51.3 20.04 | 11.375 1.590 0.890 x 260 33 100 509 289 40.4 22.6 |
x 158 46.3 19.72 | 11.300 1.440 0.810 x 235 29 900 501 287 36.6 20.6
x 143 42.1 19.49 ‘11.220 1.320 0.730 x 213 27 100 495 285 33.5 18.5
x 130 38.2 19.25 | 11.160 1.200 0.670 x 193 24 700 489 283 30.5 17.0
x 119 35.1 18.97 11.265 1.060 0.655 x 177 22 600 482 286 26.9 16.6
x 106 31.1 18.73 11.200 | 0.940 0.590 x 158 20 100 | 476 284 23.9 | 15.0
x 97 28.5 18.59 11.145 0.870 0.535 x 144 18 400 472 283 22.1 | 13.6 -
x 86 | 25.3 18.39 | 11.090 0.770 0.480 x 128 16 300 467 282 19.6 12.2
x 76 22.3 18.21 11.035 0.680 0.425 x 113 14 400 463 280 17.3 10.8
50 !
