TABLE X3.2 Basic Threading Data for Standard-Weight Pipe, NPS 8 [DN 200] or Larger, and all Sizes of Extra-Strong and
Double-Extra-Strong Weight Pipe
Nore 1—The taper of threads is %4 in. At [62.5 mm/m] on the diameter.
Pipe Threads Coupling
NPS DN Specified Num- End of Effective Total Pitch Specified Length, Hand Tight
Desig- Desig- Outside ber Pipe to Length, Length, Diameter . Outside min, Stand-Off
nator nator Diameter, per Hand Tight in. [mm] in. [mm] at Hand Diameter, in. [mm] (Number
- in. [mm] Inch Plane, Tight Plane, in. [mm] of
in. [mm] . in. [mm] Threads)
D Ly Lo Ly E, WwW N,
Ye 6 0.405 [10.3] 27 0.1615 [4.1021] 0.2638 [6.7005] 0.3924 [9.9670] 0.37360 [9.48944] 0.563 [14.3] 16 [27] 3 >
Wa 8 0.540 [13.7] 18 0.2278 [5.7861] 0.4018 [10.2057] 0.5946 [15.1028] 0.49163 [12.48740] 0.719 [18.3] 1% [41] 3 i)
¥e 10 0.675 [17.1] 18 0.240 [6.096] 0.4078 [10.3581] 0.6006 [15.2552] 0.62701 [15.92605] 0.875 [22.2] 1% [41] 3 =
Ya 15 0.840 [21.3] 14 0.320 [8.128] 0.5337 [13.5560] 0.7815 [19.8501] 0.77843 [19.77212] 1.063 [27.0] 2% [54] 3 es]
V4 20 1.050 [26.7] 14% 0.339 [8.611] 0.5457 [13.8608] 0.79385 [20.1549] 0.98887 [25.11730} 1.313 [33.4] 2% [54] 3 =
3 1 25 1.315 [33.4] 11 0.400 [10.160] 0.6828 [17.3431] 0.9845 [25.0063] 1.23863 [31.46120] 1.576 [40.0] 258 [67] 3 2)
1% 32 1.660 [42.2] 11% 0.420 [10.668] 0.7068 [17.9527] 1.0085 [25.6159] 1.58338 [40.21785] 2.054 [52.2] 24 [70] 3 =
1% 40 1.900 [48.3] 11% 0.420 [10.668] 0.7235 [18.3769] 1.0252 [26.0401] 1.82234 [46.28744] 2.200 [55.9] 24 [70] 3 >
2 50 2.375 [60.3] 11% 0.436 [11.074] 0.7565 [19.2151] 1.0582 [26.8783] 2.29627 © [58.32526] 2.875 [73.0] 2% [73] 3 Ps
22 65 2.875 [73.0] 8 0.682 [17.323] 1.1375 [28.8950] 1.5712 [39.9085] 2.76216 [70.15886] 3.375 [85.7] 4%, [105] 2 s
3 80 3.500 [88.9] 8 0.766 [19.456] 1.2000 [30.4800] 1.6337 [41.4960] 3.38850 [86.06790] 4.000 [101.6] 4% [108] 2
3% 90 4.000 [101.6] 8 0.821 [20.853] 1.2500 [31.7500] 1.6837 [42.7660] 3.88881 [98.77577] 4.625 [117.5] 4¥e [111] 2
4 100 4.500 [114.3] 8 0.844 [21.438] 1.3000 [33.0200] 1.7337 [44.0360] 4.38713 [111.43310] 5.200 [132.1] 4\ [114] 2
5 125 5.563 [141.3] 8 0.937 [23.800] 1.4063 [35.7200] 1.8400 [46.7360] 5.44929 [138.41200] 6.296 [159.9] 4%, [117] 2
6 150 6.625 [168.3] 8 0.958 [24.333] 1.5125 [38.4175] 1.9462 [49.4335] 6.50597 [165.25164] 7.390 [187.7] 4% [124] 2
8 200 8.625 [219.1] 8 1.063 [27.000] 1.7125 [43.4975] 2.1462 [54.5135] 8.50003 [215.90076] 9.625 [244.5] 5Y, 1133] 2
10 250 10.750 [273.0] 8 1.210 [30.734] 1.9250 [48.8950] 2.3587 [59.9110]  10.62094 [269.77 188] 11.750 [298.4] 5Y [146] 2
12 300 12.750 [323.8] 8 1.360 [34.544] 2.1250 [53.9750] 2.5587 [64.9910] 12.61781 [320.49237] 14.000 [355.6] 6% [156] 2
14 350 14.000 [355.6] 8 1.562 [39.675] 2.2500 [57.1500] 2.6837 [68.1660] 13.87263 [352.36480] 15.000 [381.0] 6% [162] 2
16 400 16.000 [406.4] 8 1.812 [46.025] 2.4500 [62.2300] 2.8837 [73.2460] 15.87575 [403.24405] 17.000 [432] 6% [171] 2
18 450 18.000 [457] 8 2.000 [50.800] 2.6500 [67.3100] 3.0837 [78.3260] 17.87500 [454.02500] 19.000 [483] 7% [181] 2
20 500 20.000 [508] 8 2.125 [53.975] 2.8500 [72.3900] 3.2837 [83.4060] 19.87031 [504.70587] 21.000 [533] TY [194] 2
wn
>
un
ff
7.)
>
v1
Ww
R=
