SA-6/SA-6M ASME BPVC.ILA-2025
TABLE A2.1 Continued — |
Designation Designation
Depth in Area Depth Web Depth in Milli- Depth , Thick-
Inches and A, d, Width Thick- Thickness metres and Area A , d, Width Thick- ness |
Weight in in.? in. b, ness ty, in.” Mass in Kilo- mm mm b,, ness, ts
Pounds per in. ty grams per mm bs A mm“ .
Linear Foot) In. Metre] mm :
W12 x 336 98.8 16.82 13.385 2.955 1.775 W310 x 500 63 700 427 340 75.1 45.1 .
x 305 89.6 16.32 13.235 2.705 1.625 x 454 57 800 415 336 68.7 41.3 )
x 279 81.9 15.85 13.140 2.470 1.530 x 415 52 800 403 334 62.7 38.9
x 252 74.1 15.41 13.005 2.250 1.395 x 875 47 800 391 330 57.2 35.4
x 230 67.7 15.05 12.895 2.070 1.285 x 342 43 700 382 328 52.6 32.6
x 210 61.8 14.71 12.790 1.900 1.180 x 313 39 900 374 325 48.3 30.0 :
x 190 55.8 14.38 12.670 1.735 1.060 x 283 36 000 365 322 44.1 26.9
x 170 50.0 14.03 12.570 1.560 0.960 x 253 32 300 356 319 39.6 24.4
x 152 44.7 13.71 12.480 1.400 0.870 x 226 28 800 | 348 317 35.6 22.1 |
x 136 39.9 13.41 12.400 1.250 0.790 x 202 25 700 | 341 315 31.8 20.1
x 120 35.3 13.12 12.320 | 1.105 0.710 x 179 22 800 333 313 28.1 18.0 .
x 106 31.2 12.89 12.220 0.990 0.610 x 158 20 100 327 310 25.1 15.5 :
x 96 28.2 12.71 12.160 0.900 0.550 x 143 18 200 323 309 22.9 14.0 )
x 87 25.6 12.53 12.125 0.810 0.515 x 129 16 500 318 308 20.6 13.1
x 79 | 23.2 12.38 12.080 0.735 0.470 x 117 15 000 314 307 18.7 | 11.9
x 72 21.1 12.25 | 12.040 0.670 0.430 x 107 13 600 311 306 17.0 10.9 :
x 65 19.1 12.12 12.000 0.605 0.390 x 97 12 300 308 305 15.4 9.9 |
Wi2x58 | = 17.0 12.19 | 10.010 0.640 0.360 W310 x 86 11 000 310 254 16.3 | 9.1
x 53 | 15.6 12.06 9.995 0.575 0.345 x 79 10 100 306 254 14.6 68.8 |
Wi2x50 | 147 | 12.19 8.080 0.640 0.370 W310 x 74 9 480 310 | 205 16.3 9.4
x 45 | 13.2 | 12.06 8.045 0.575 0.335 x 67 | 8 520 | 306 204 146 | 85
x 40 11.8 11.94 8.005 | 0.515 0.295 x 60 7 610 303 | 203 13.1 7.5 |
Wi2x35 | 10.3 | 12.50 6.560 0.520 0.300 W310 x 52 6 650 317 167 13.2 7.6
x 30 8.79 12.34 6.520 0.440 | 0.260 x 44.5 5 670 313 166 11.2 6.6 )
x 26 7.65 | 12.22 6.490 | 0.380 0.230 x 38.7 4940 |; 310 165 | 9.7 5.8 :
W1i2x22 | 6.48 12.31 4.030 0.425 | 0.260 W310 x 32.7 4180 | 313 | 102 10.8 | 66
x 19 | 5.57 12.16 | 4.005 0.350 0.235 x 28.3 ! 3 590 309 102 | 89 6.0
x 16 | 4.71 11.99 | 3.990 0.265 | 0.220 x 23.8 3040 | 305 101 | 6.7 5.6
x 14 4.16 | 11.91 3.970 | 0.225 0.200 x 21.0 2680 [| 303 101 5.7 5.1
Wi0x 112 | 32.9 | 11.36 | 10415 | 1.250 0.755 W250 x 167 21200 |; 289 | 265 | 318 19.2 |
x 100 29.4 4 11.10 | 10.340 1.420 | 0.680 x 149 / 19 000 282 | 263 28.4 17.3
x 88 | 25.9 | 10.84 | 10.265 0.990 0.605 x 131 16 700 275 | 261 25.1 15.4 |
x 77 22.6 10.60 10.190 0.870 | 0.530 x 115 14 600 269 | 259 | 22.4 13.5 .
x 68 20.0 10.40 | 10.180 | 0.770 0.470 x 101 | 12 900 264 257 19.6 |} 11.9 :
x 60 17.66 | 10.22 10.080 0.680 0.420 x 89 11 400 | 260 256 17.38 | (10.7
x 54 15.8 10.09 10.030 {| 0.615 0.370 x 80 10 200 256 255 15.6 9.4 |
x 49 14.4 9.98 }| 10.000 | 0.560 0.340 x 73 9 290 253 254 14.2 8.6 |
W10x45 { 13.3 10.10 | 8.020 0.620 0.350 W250 x 67 8 580 257 204 { 15.7 8.9
x 39 1.5 | 9.92 7.985 0.530 0.315 x 58 | 7 420 252 203 13.5 8.0 :
x 33 9.71 9.73 7.960 0.435 0.290 x 49.1 6 260 247 |} 202 11.0 7.4 |
Wi0x30 | 8.84 10.47 5.810 | 0.510 0.300 W250 x 44.8 5 700 266 148 13.0 | 7.6
x 26 7.61 10.338 | 5.770 0.440 0.260 x 38.5 | 4 910 262 147 11.2 6.6
x 22 6.49 | 10.17 5.750 0.360 0.240 x 32.7 4 190 258 146 9.1 6.1 |
W10 x 19 5.62 | 10.24 4.020 } 0.395 0.250 W250 x 28.4 3 630 260 102 10.0 6.4 - |
x 17 4.99 10.11 4.010 0.330 0.240 x 25.3 3 220 257 | 102 8.4 1 6.1
x 15 4.41 9.99 4.000 0.270 0.230 x 22.3 2 850 254 102 6.9 5.8
x 12 3.54 9.87 3.960 0.210 0.190 x 17.9 ! 2 280 251 101 5.3 4.8
W8 x 67 19.7 9.00 8.280 0.935 0.570 W200 x 100 12 700 229 210 23.7 14.5 |
x 58 | 17.1 8.75 8.220 0.810 0.510 x 86 11 000 222 209 20.6 13.0
x 48 14.1 8.50 8.110 0.685 0.400 x 714 ~ 9 100 216 206 17.4 10.2
x 40 4.7 | 8.25 8.070 0.560 0.360 x 59 7 550 210 205 14.2 9.1
x 35 10.3 8.12 8.020 0.495 0.310 x 52 6 650 206 204 12.6 7.9
x 31 9.13 8.00 7.995 0.435 0.285 x 46.1 5 890 203 203 11.0 7.2 |
W8 x 28 8.25 8.06 6.535 0.465 0.285 W200 x 41.7 5 320 205 166 11.8 7.2
x 24 7.08 7.93 6.495 0.400 . 0.245 x 35.9 4 570 201 165 10.2 6.2
W8 x 21 6.16 8.28 5.270 0.400 0.250 W200 x 31.3 3 970 210 134 102 | 64 :
x 18 | 5.26 8.14 5.250 0.330 0.230 x 26.6 3 390 207 133 8.4 5.8 .
