ASME BPVG.ILA-2025 , SA-53/SA-53M )
a TABLE X2.2 Dimensions, Weights (Masses) per Unit Length, and Test Pressures for Plain-End Pipe |
| NPS ON Species Specified Nominal Weight (Mass) |
Desionator Desianator Diameter Wail Thickness, per Unit Length, Plain Weight Class Schedule No. Test Pressure,” psi [kPa]
esigna g in. [mm] End, lb/ft [kg/m] |
in. [mm]

Grade A Grade B
Ve 6 0.405 [10.3] 0.068 [1.73] 0.24 [0.37] STD - 40 700 [4800] 700 [4800] |
0.095 [2.41] 0.31 [0.47] XS 80 850 [5900] 850 [5900] |
Wa, 8 0.540 [13.7] 0.088 [2.24] 0.43 [0.63] STD 40 700 [4800] 700 [4800]
0.119 [3.02] 0.54 [0.80] XS 80 850 [5900] 850 [5900]
8fg 10 0.675 [17.1] 0.091 [2.31] 0.57 [0.84] STD 40 700 [4800] 700 [4800] ,
0.126 [3.20] 0.74 [1.10] XS 80 850 [5900] 850 [5900]
Vp 15 0.840 [21.3] 0.109 [2.77] 0.85 [1.27] STD 40 700 [4800] 700 [4800] ,

0.147 [3.73] 1.09 [1.62] Xs 80 850 [5900] 850 [5900]

0.188 [4.78] 1.31 [1.95] we 160 900 [6200] 900 [6200]
— 0.294 [7.47] 1.72 [2.55] XxS ss 1000 [6900] 1000 [6900] .

B/y 20 1.050 [26.7] 0.113 [2.87] 1.13 [1.69] STD 40 700 [4800] 700 [4800]
0.154 [3.91] 1.48 [2.20] XS 80 850 [5900] 850 [5900] ,

0.219 [5.56] 1.95 [2.90] - 160 950 [6500] 950 [6500]
| 0.308 [7.82] 2.44 [3.64] XxXS ne 1000 [6900] 1000 [6900]

1 a.) 1.315 [33.4] 0.133 [3.38] 1.68 [2.50] STD 40 700 [4800] 700 [4800]
0.179 [4.55] 2.17 [3.24] XS 80 850 [5900] 850 [5900]
0.250 [6.35] 2.85 [4.24] - 160 950 [6500] 950 [6500]
0.358 [9.09] 3.66 [5.45] XxS es 1000 [6900] 1000 [6900]
1% 32 1.660 [42.2] 0.140 [38.56] 2.27 [3.39] STD 40 1200 [8300] 1300 [9000] .

0.191 [4.85] 3.00 [4.47] XS 80 1800 [12 400] 1900 [13 100]
0.250 [6.35] 3.77 [5.61] vs 160 1900 [13 100] 2000 [13 800] |
0.382 [9.70] 5,22 [7.77] XXS ae 2200 [15 200] 2300[15 900]

1% 40 1.900 [48.3] 0.145 [3.68] 2.72 [4.05] STD 40 1200 [8300] 1300 [9000] ,
0.200 [5.08] 3.63 [5.41] Xs 80 1800 [12 400] 1900 [13 100] ,
0.281 [7.14] 4.86 [7.25] - 160 1950 [13 400] 2050 [14 100]
, 0.400 [10.16] 6.41 [9.56] XXS le 2200 [15 200] © 2300[15 900] :
2 50 2.375 [60.3] 0.154 [3.91] 3.66 [5.44] STD 40 2300 [15 900] 2500 [17 200] |
0.218 [5.54] 5.08 [7.48] Xs 80 2500[17 200] 2500 [17 200]
0.344 [8.74] 7.47 [11.11] i” 160 2500[17 200] 2500 [17 200] :
. 0.436 [11.07] 9.04 [13.44] XxS - 2500 [17 200] 2500 [17 200] |
2Yo 65 2.875 [73.0] 0.203 [5.16] 5.80 [8.63] STD 40 2500 [17 200] 2500 [17 200] .
0.276 [7.01] 7.67 [11.41] XS 80 2500 [17 200] 2500 [17 200]
0.375 [9.52] 10.02 [14.90] a 160 2500 [17 200] 2500 [17 200]
0.552 [14.02] 13.71 [20.39] XxS vs 2500 [17 200] 2500 [17 200]
3 80 3.500 [88.9] 0.125 [3.18] 4.51 [6.72] ves as 1290 [8900] 1500 [1000]
0.156 [3.96] 5.58 [8.29] we we 1600 [11 000] 1870 [12 900] |
0.188 [4.78] 6.66 [9.92] vs - 1930 [13 330] 2260[15 600]
0.216 [5.49] 7.58 [11.29] STD 40 2220 [15 300] 2500 [17 200]
0.250 [6.35] 8.69 [12.93] we we 2500 [17 200] 2500 [17 200] :
0.281 [7.14] 9.67 [14.40] es ss 2500[17 200] 2500 [17 200] |
. 0.300 [7.62] 10.26 [15.27] XS 80 2500[17 200} 2500 [17 200] :
0.438 [11.13] 14.34 [21.35] es 160 2500[17 200] 2500117 200] .
Lo 0.600 [15.24] 18.60 [27.68] XXS i” 2500 [17 200] 2500 [17 200]
31/2 90 —- 4,000 [101.6] 0.125 [3.18] 5.18 [7.72] - i 1120 [7700] 1310 [19 000] |
0.156 [3.96] 6.41 [9.53] ss vs 1400 [6700] 1640 [11 300]
0.188 [4.78] 7.66 [11.41] - - 1690 [11 700] 1970 [13 600]
0.226 [5.74] 9.12 [13.57] STD 40 2030 [14 000] 2370 [16 300]
0.250 [6.35] 10.02 [14.92] - - 2250[15 500] 2500 [17 200]
0.281 [7.14] 11.17 [16.63] es vas 2500 [17 200] 2500 [17 200]
0.318 [8.08] 12.52 [18.63] XS 80 2800 [19 300] 2800 [19 300] |
4 100 4.500 [114.3] 0.125 [8.18] 5.85 [8.71] ve we 1000 [6900] 1170 [8100]
0.156 [3.96] 7.24 [10.78] ae es 1250 [8600] 1460 [10 100] ,
0.188 [4.78] 8.67 [12.91] es - 1500 [10 300] 1750 [12 100] |
0.219 [5.56] 10.02 [14.91] - - 1750 [12 100] 2040 [14 100]
0.237 [6.02] 10.80 [16.07] STD 40 1900[13 100] 2210[15 200]
0.250 [6.35] 11.36 [16.90] i - 2000 [13 800] 2330 [16 100]
0.281 [7.14] 12.67 [18.87] - - 2250[15 100] 2620[18 100] !
| 0.312 [7.92] 13.97 [20.78] es ae 2500 [17 200] 2800 [19 300] |
0.337 [8.56] 15.00 [22.32] XS 80 2700 [18 600] 2800 [19 300]
