ASME BPVC.II.A-2025 SA-53 /SA-53M
oo. TABLE X2.2 Continued |
NPS ON Spectied Specified Nominal Weight (Mass)
Designator Designator Diameter Wail Thickness, per Unit Length, Plain Weight Class Schedule No. Test Pressure,’ psi [kPa]
: , in. [mm] End, Ib/ft [kg/m]
in. [mm]
Grade A Grade B |
0.438 [11.13] 57.65 [85.82] ee ee 1240 [8500] 1440 [9900] |
0.500 [12.70] 65.48 [97.43] XS - 1410 [9700] 1650 [11 400] .
0.562 [14.27] 73.22 [108.92] wee 60 1590 [11 000] 1850 [12 800]
0.688 [17.48] 88.71 [132.04] ee 80 1940 [13 400] 2270 [15 700} |
0.844 [21.44] 107.42 [159.86] - 100 2390 [16 500] 2780 [19 200}
1.000 [25.40] 125.61 [186.91] ) XXS 120 2800 [19 300] 2800 [19 300]
1.125 [28.57] 139.81 [208.00] - 140 2800 [19 300] 2800 [19 300]
1.312 [33.32] 160.42 [238.68] vee 160 2800 [19 300] 2800 [19 300]
14 350 14.000 [355.6] 0.210 [5.33] 30.96 [46.04] es - 540 [3700] 630 [4300] .
0.219 [5.56] 32.26 [47.99] wes ee 560 [3900] 660 [4500]
0.250 [6.35] 36.75 [54.69] ves ; 10 640 [4400] 750 [5200]
wo 0.281 [7.14] 41.21 [61.35] i - 720 [5000] 840 [5800] =
- 0.312 [7.92] 45.65 [67.90] vee 20 800 [5500] 940 [6500] .
0.344 [8.74] 50.22 [74.76] _ be 880 [6100] 1030 [7100] .
0.375 [9.52] 54.62 [81.25] STD 30 960 [6600] 1120 [7700]
0.438 [11.13] 63.50 [94.55] ve 40 1130 [7800] 1310 [9000]
0.469 [11.91] 67.84 [100.94] ee vee 1210 [8300] 1410 [9700]
0.500 [12.70] 72.16 [107.39] — Xs es 1290 [8900] 1500 [10 300] .
0.594 [15.09] 85.13 [126.71] ae 60 1530 [10 500] 1790 [12 300]
0.750 [19.05] 106.23 [158.10] ves 80 1930 [13 300] 2250 [15 500] ,
0.938 [23.83] 130.98 [194.96] wes 100 2410 [16 600] 2800 [19 300] ,
1.094 [27.79] 150.93 [224.65] - 120 2800 [19 300] 2800 [19 300]
1.250 [81.75] 170.37 [253.56] vee 140 2800 [19 300] 2800 [19 300] © :
1.406 [35.71] 189.29 [281.70] ee 160 2800 [19 300] 2800 [19 300]
2.000 [50.80] 256.56 [381.83] i vee 2800 [19 300] 2800 [19 300] |
2.125 [53.97] 269.76 [401.44] es es 2800 [19 300] 2800 [19 300] Loe
2.200 [55.88] 277.51 [413.01] ee ee 2800 [19 300] 2800 [19 300]
2.500 [63.50] 307.34 [457.40] ve we 2800 [19 300] 2800 [19 300] |
16 400 16.000 [406.4] 0.219 [5.56] . 36.95 [54.96] i vee 490 [3400] 570 [3900]
oo 0.250 [6.35] 42.09 [62.64] we ~ 10 560 [3900] 660 [4500]
0.281 [7.14] 47,22 [70.30] vee ee 630 [4300] 740 [5100] |
7 0.312 [7.92] 52.32 [77.83] wee 20 700 [4800] 820 [5700]
. 0.344 [8.74] 57.57 [85.71] bee ee 770 [5300] 900 [6200]
0.375 [9.52] 62.64 [93.17] STD 30 840 [5800] 980 [6800] /
0.438 [11.13] 72.86 [108.49] ee ee 990 [6800] 1150 [7900]
0.469 [11.91] 77.87 [115.86] vee vee 1060 [7300] 1230 [8500]
0.500 [12.70] 82.85 [123.30] XS 40 1120 [7700] 1310 [9000]
0.656 [16.66] 107.60 [160.12] ee 60 1480 [10 200] 1720 [11 900]
0.844 [21.44] 136.74 [203.53] ee 80 1900 [13 100] 2220 [15 300]
1.031 [26.19] 164.98 [245.56] ee 100 2320 [16 000] 2710 [18 700]
1.219 [30.96] 192.61 [286.64] we 120 2740 [18 900] 2800 [19 300]
1.438 [36.53] 223.85 [333.19] vee 140 2800 [19 300] 2800 [19 300]
1.594 [40.49] 245.48 [3865.35] vee 160 2800 [19 300] 2800 [19 300]
18 450 18.000 [457] 0.250 [6.35] 47.44 [70.60] i 10 500 [3400] 580 [4000]
0.281 [7.14] 53.23 [79.24] ee ves 560 [8900] 660 [4500] |
. 0.312 [7.92] 58.99 [87.75] Le 20 620 [4300] 730 [5000]
0.344 [8.74] 64.93 [96.66] i ee 690 [4800] 800 [5500] |
0.375 [9.52] 70.65 [105.10] STD ee 750 [5200] 880 [6100] |
' 0.406 [10.31] 76.36 [113.62] - wee 810 [5600] 950 [6500]
ae 0.438 [11.13] 82.23 [122.43] vee 30 880 [6100] 1020 [7000]
0.469 [11.91] 87.89 [130.78] vee wee 940 [6500] 1090 [7500]
0.500 [12.70] 93.54 [139.20] XS vee 1000 [6900] 1170 [8100]
0.562 [14.27] 104.76 [155.87] ee 40 1120 [7700] 1310 [9000]
0.750 [19.05] 138.30 [205.83] ves 60 1500 [10 300] 1750 [12 100] m
0.938 [23.83] 171.08 [254.67] ee 80 1880 [13 000] 2190 [15 100]
1.156 [29.36] 208.15 [309.76] i 100 2310 [15 900] 2700 [18 600]
1.375 [34.92] 244.37 [863.64] Le 120 2750 [19 000] 2800 [19 300]
1.562 [39.67] 274.48 [408.45] ee 140 2800 [19 300] 2800 [19 300] :
1.781 [45.24] 308.79 [459.59] ee 160 2800 [19 300] 2800 [19 300]
20 500 20.000 [508] 0.250 [6.35] 52.78 [78.55] ve 10 450 [3100] 520 [3600] :
0.281 [7.14] 59.23 [88.19] ve wes 510 [3500] 590 [4100] |
0.312 [7.92] 65.66 [97.67] vee ves 560 [3900] 660 [4500]
0.344 [8.74] 72.28 [107.60] vee ee 620 [4300] 720 [5000]
0.375 [9.52] 78.67 [117.02] STD 20 680 [4700] 790 [5400]
0.406 [10.31] 84.04 [126.53] ee vee 730 [5000] 850 [5900]
0.438 [11.13] 91.59 [136.37] ee ee 790 [5400] 920 [6300] ;
0.469 [11.91] 97.92 [145.70] vee ves 850 [5900] 950 [6500]
—— ;
153 .
