ASME BPVCLILA-2025 SA-370
ao. TABLE 3 Approximate Hardness Conversion Numbers for Nonaustenitic Steels“ (Rockwell B to Other Hardness Numbers)
i; Rockwell Superficial Hardness
| Rockwell B
Scale, 100 Vickers Brinell Knoop Rockwell A Rockwell F 19h Scale sae i Seale: Approximate
kgf Load “1e- Hardness Hardness, 300 Hardness, Scale, 60 kof Scale, 60 kof Load y Load y L > y Tensile
in. Number kgf Load, 10 500gfLoad& Load, Diamond Load, “e-in. oad, “ie L0ad, Me- L080, "6 Strength ksi
(1.588 mm) mm Ball Over Penetrator (1.588 mm) Ball in. in. In. (MPa)
Ball (1.588 mm) (1.588 mm) (1.588 mm)
Ball Ball Ball
100 240 240 251 61.5 wae 93.1 83.1 72.9 116 (800)
99 234 234 246 60.9 wae 92.8 82.5 71.9 114 (785)
98 228 228 241 60.2 ae 92.5 81.8 70.9 109 (750)
97 222 222 236 59.5 ae 92.1 81.1 69.9 104 (715)
96 216 216 231 58.9 va 91.8 80.4 68.9 102 (705)
95 210 210 226 58.3 Lee 91.5 79.8 67.9 100 (690)
94 205 205 221 57.6 wee 91.2 79.1 66.9 98 (675)
93 200 200 216 57.0 Lae 90.8 78.4 65.9 94 (650)
92 195 195 211 56.4 Lae 90.5 77.8 64.8 92 (635)
91 190 190 206 55.8 wae 90.2 77.1 63.8 90 (620)
_. 90 185 185 201 55.2 Lee 89.9 76.4 62.8 89 (615)
_ 89 180 180 196 54.6 wae 89.5 75.8 61.8 88 (605)
: 88 176 176 192 54.0 Lae 89.2 75.1 60.8 86 (590)
87 172 172 188 53.4 wae 88.9 74.4 59.8 84 (580)
86 169 169 184 52.8 Lae 88.6 73.8 58.8 83 (570)
85 165 165 180 52.3 tae 88.2 73.4 57.8 82 (565)
84 162 162 176 51.7 wae 87.9 72.4 56.8 81 (560)
83 159 159 173 51.1 ae 87.6 71.8 55.8 80 (550)
82 156 156 170 50.6 wee 87.3 71.1 54.8 77 (530)
81 153 153 167 50.0 ae 86.9 70.4 53.8 73 (505)
80 150 150 164 49.5 wee 86.6 69.7 52.8 72 (495)
79 147 147 161 48.9 wae 86.3 69.1 51.8 70 (485)
78 144 144 158 48.4 Loe 86.0 68.4 50.8 69 (475)
77 141 141 155 47.9 ae 85.6 67.7 49.8 68 (470)
76 139 139 152 47.3 wae 85.3 67.1 48.8 67 (460)
75 137 137 150 46.8 99.6 85.0 66.4 47.8 66 (455)
74 135 135 147 46.3 99.1 84.7 65.7 46.8 65 (450)
73 132 132 145 45.8 98.5 84.3 65.1 45.8 64 (440)
72 130 130 143 45.3 98.0 84.0 64.4 44.8 63 (435)
71 127 127 141 44.8 97.4 83.7 63.7 43.8 62 (425)
70 125 125 139 44.3 96.8 83.4 63.1 42.8 61 (420)
: 69 123 123 137 43.8 96.2 83.0 62.4 41.8 60 (415)
68 121 121 135 43.3 95.6 82.7 61.7 40.8 59 (405)
67 119 119 133 42.8 95.1 82.4 61.0 39.8 58 (400)
. 66 117 117 131 42.3 94.5 82.1 60.4 38.7 57 (395)
65 116 116 129 41.8 93.9 81.8 59.7 37.7 56 (385)
64 114 114 127 41.4 93.4 81.4 59.0 36.7 Lae
63 112 112 125 40.9 92.8 81.1 58.4 35.7 tae
62 110 110 124 40.4 92.2 80.8 57.7 34.7 Lae
61 108 108 122 40.0 91.7 80.5 57.0 33.7 nae
60 107 107 120 39.5 91.1 80.1 56.4 32.7 tae
59 106 106 118 39.0 90.5 79.8 55.7 31.7 wae
58 104 104 117 38.6 90.0 79.5 55.0 30.7 ae
57 103 103 415 38.1 89.4 79.2 54.4 29.7 wae
56 101 101 . 114 37.7 88.8 78.8 53.7 28.7 wae
55 100 100 112 37.2 88.2 78.5 53.0 27.7 ae
: 54 wae Lee 111 36.8 87.7 78.2 52.4 26.7 wae
53 Lee Lae 110 36.3 87.1 77.9 51.7 25.7 Lee
52 Lee tae 109 35.9 86.5 77.5 51.0 24.7 La
51 wae Lae 108 35.5 86.0 77.2 50.3 23.7 ae
oo 50 ae ae 107 35.0 85.4 76.9 49.7 22.7 wae
; 49 wae ae 106 34.6 84.8 76.6 49.0 21.7 Lae
48 Lae wee 105 34.1 84.3 76.2 48.3 20.7 nae
47 wae eae 104 33.7 83.7 75.9 47.7 19.7 vee
46 es Lae 103 33.3 83.1 75.6 47.0 18.7 tae
45 Lee wae 102 32.9 82.6 75.3 46.3 17.7 va
44 Lee Lae 101 32.4 82.0 74.9 45.7 16.7 wae
43 a Lae 100 32.0 81.4 74.6 45.0 15.7 Lee
42 Lee wee 99 31.6 80.8 74.3 44.3 14.7 wae
41 Lae tae 98 31.2 80.3 74.0 43.7 13.6 wae
40 Lee vee 97 30.7 79.7 73.6 43.0 12.6 be
39 Lee Lee 96 30.3 - 79,1 13.3 42.3 11.6 Lae
38 wae Lae 95 29.9 78.6 73.0 41.6 10.6 woe
37 Lae tae 94 29.5 78.0 72.7 41.0 9.6 wae
36 Lae ae 93 29.1 77.4 72.3 40.3 8.6 ae
35 Lee Lae 92 _ 28.7 76.9 72.0 39.6 7.6 wae
34 tae tae 91 28.2 76.3 71.7 39.0 6.6 wae
33 wae wae 90 27.8 75.7 71.4 38.3 5.6 Lae
( 32 Lae wae 89 27.4 75.2 71.0 37.6 4.6 rae
597
