ASME BPVC.ILA-2025 SA-6/SA-6M

TABLE A2.1_ Continued

Designation Designation
(Nominal [Nominal Web
Depth in ‘Area Depth Web Depth in Milli- Area A, Depth Thick-

Inches and A, a, Thickness. metres and 2 d, ness:
‘Weight in in? in. by i. Mass in Kilo- mv mm bow

Pounds per grams per mm4

Linear Foot) Metre)

* 395 116.2 38.37 1,220 x 588 75 000 975 427 55.9 31.0
x 361 106.1 37.99 1.120 x 537 68 500 965 425 511 28.4
x 330 97.0 37.67 1.020 «x 491 62 600 957 422 47.0 25.9
x 302 88.8 37.33 0.945 x 449 57 600 948 423 42.7 24.0
x 282 82.9 37.11 0.885 x 420 53 500 943 422 39.9 22.5
x 262 77.0 36.85 0.840 x 390 49 700 936 420 36.6 213
* 247 72.5 (36.67 0.800 x 368 46 800 931 419 34.3 20.3
«231 68.0 36.49 0.760 «344 43 900 927 18 32.0 19.3
W36 x 387 113.6 39.09 12.677 2.559 1.421 W920 x 576 73 320 993 322 65.0 36.1
x 350 102.9 38.62 12.559 2.319 1.299 x 521 66 370 981 319 58.9 33.0
«318 93.6 38.23 12.441 2.130 1.181 x 474 60 390 971 316 54.1 30.0
x 286 84.0 37.83 12.323 1.929 1,059 * 425 54 200 961 313 49.0 26.9
x 256 75.4 37.43 12.215 1.730 0.960 x 381 48 600 951 310 43.9 24.4
x 232 68.1 37.12 12.120 1,570 0.870 x 345 44 000 943 308 39.9 22.4
* 210 61.8 36.69 12.180 1.360 0.830 x 313 39 900 932 309 34.5 ra
x 194 57.0 36.49 12.115 1.260 0.765 x 289 36 800 927 308 32.0 19.4
x 182 53.6 36.33 12.075 1.180 0.725 «271 34 600 923 307 30.0 18.4
* 170 50.0 36.17 12.030 1.100 0.680 x 253 32 300 919 306 27.9 17.3
x 160 47.0 36.01 12,000 1.020 0.650 x 238 30 300 915 305 25.9 16.5
x 150 44.2 35.85 11.975 0.940 0.625 x 223 28 500 on 304 23.9 15.9
* 135 39.7 35.55 11.950 0.790 0.600 x 201 25 600 903 304 20.1 15.2
W33 x 387 114.0 35.95 16.200 2.280 1.260 W840 x 576 73 500 913 4 57.9 32.0
* 354 104.1 35.55 16.100 2.090 1,160 x 527 67 200 903 409 53.1 29.5
x 318 93.5 35.16 15.985 1.890 1.040 x 473 60 300 893 406 48.0 26.4
«291 85.6 34.84 15.905 1.730 0.960 ‘x 433, 55 200 885 404 43.9 24.4
x 263 774 34.53 15.805 1,570 0.870 x 392 49 900 877 401 39.9 22.1
«241 70.9 34.18 15.860 1.400 0.830 * 359 45 700 868 403 35.6 214
«221 65.0 33.93 15.805 1.275 0.775 ‘x 329 41 900 862 401 32.4 19.7
* 201 59.1 33.68 15.745, 1.150, 0715 x 299 38 100 855 400 29.2 18.2
W33 x 169 49.5 33.82 11.500 1.220 0.670 W840 x 251 31 900 859 292 31.0 17.0
* 152 447 33.49 11,565 1.055, 0.635 x 226 28 800 851 204 26.8 16.1
«141 416 33.30 11.535 0.960 0.605 x 210 26 800 846 293 24.4 15.4
«130 38.3 33.09 11.510 0.855 0.580 x 193 24 700 840 292 21.7 14.7
x 118 347 32.86 11.480 0.740 0.550 x 176 22 400 835 292 18.8 14.0
WS0 x 391 115.0 33.19 15.590 2.440 1.360 W760 x 582 74 200 843 396 62.0 34.5
* 357 104.8 32.80 15.470 2.240 1.240 * 531 67 600 833 393 56.9 31.5
x 326 95.7 32.40 15.370 2.050 1.140 * 484 61 700 823 390 52.1 29.0
x 292 85.7 32.01 15.255 1.850 1.020 x 434 55 300 813 387 47.0 25.9
* 261 76.7 31.61 15.155 1,650 0.930 * 389 49 500 803 385 Ag 23.6
x 235, 69.0 31.30 15.055 1,500 0.830 * 350 44 500 795 382 38.1 ran}
x2 62.0 30.94 16.105. 1.315, 0.775 x 314 40 000 786 384 33.4 19.7
* 191 56.1 30.68 15.040 1,185 0.710 * 284 36 200 779 382 30.1 18.0
* 173 50.8 30.44 14.985 1,065 0.655 * 257 32 800 773 381 27.4 16.6
W30 x 148 43.5 30.67 10.480 1.180 0.650 W760 x 220 28 100 779 266 30.0 16.5
* 132 38.9 30.31 10.545 1.000 0.615 * 196 25 100 770 268 25.4 15.6
«124 36.5 30.17 10.515 0.930 0.585 x 185 23 500 766 267 23.6 14.9
«116 34.2 30.01 10.495 0.850 0.565 x 173 22 100 762 267 21.6 14.4
x 108 317 29.83 10.475 0.760 0.545 x 161 20 500 758 266 19.3 13.8
x99 29.1 29.65 10.450 0.670 0.520 «147 18 800 753 265 17.0 13.2
x90 26.4 29.53 10.400 0.610 0.470 * 134 17 000 750 264 15.5 1.9
‘W27 x 539 158.4 32.52 15.255 3.540 1.970 W690 x 802 102 200 826 387 89.9 50.0
* 368 108.1 30.39 14.665 2.480 1,380 «548 69 800 772 372 63.0 35.1
x 336 98.7 30.0 14.550 2.280 1.260 * 500, 63 700 762 369 57.9 32.0
x 307 90.2 29.61 14.445 2.090 1.160 x 457 58 200 752 367 53.1 29.5
* 281 82.6 29.29 14,350 1.930 1,060 «419 53 300 744 364 49.0 26.9
x 258 75.7 28.98 14.270 1.770 0.980 x 384 48 900 736 362 45.0 24.9
x 235 69.1 28.66 14.190 1.610 0.910 x 350 44 600 728 360 40.9 23.1
x 217 63.8 28.43 14.115, 1.500 0.830 * 323, 41 100 722 359 38.1 214
«194 57.0 28.11 14.035 1.340 0.750 x 289 36 800 714 356 34.0 19.0
«178 27.81 14.085 1.190 0.725 x 265, 33 700 706 358 30.2 18.4
x 161 27.59 14.020 1,080 0.660 * 240 30 600 701 356 274 16.8
x 146 13,965 0.975 0.605 «217 27 700 695 355 24.8 15.4

49
