SA-524/SA-524M

14

16

18

26

ASME BPVC.I.A-2025

0.975 [9.52] 49.56
0.406 [10.31] 53.52
0.500 [12.70] 65.42
0.562 [14.27] 73.15
0.688 [17.48] 88.63
0,844 [21.44] 107.32
1.000 [25.40] 125.49
1.425 [28.58] 139.68
1.312 [93.92] 160.27
0.250 [6.35] 36.71
0.312 [7.92] 45.61
0.975 [9.52] 54.57
0.438 [11.13] 63.44
0.500 [12.70] 72.09
0.594 [15.09] 85.05
0.750 [19.05] 106.13
0.938 [23.83] 130.85
1.094 [27.79] 150.79
1.250 [31.75] 170.22
1.406 [35.71] 189.11
0.250 [6.35] 42.05
0.312 [7.92] 52.27
0.975 [9.52] 62.58
0.500 [12.70] 82.77
0.656 [16.66] 107.50
0.844 [21.44] 136.62
1.031 [26.19] 164.82
1.219 [30.96] 192.43
1.438 [36.52] 223.64
1,594 [40.49] 245.25
0.250 [6.35] 47.39
0.812 [7.92] 58.94
0.975 [9.52] 70.59
0.438 [11.13] 82.15
0.500 [12.70] 93.45,
0.562 [14.27] 104.67
0.750 [19.05] 138.17
0.938 [23.83] 170.92
1.186 [29.36] 207.96
1.375 [34.92] 244.14
1.562 [39.67] 274.22
1.781 [48.24] 308.50
0.250 [6.35] 52.73
0.375 [9.52] 78.60
0.500 [12.70] 104.13
0.594 [15.09] 123.11
0.812 [20.62] 166.40
1.031 [26.19] 208.87
1.281 [92.54] 256.10
1.500 [38.10] 296.37
1.750 [44.45] 341.10
1.969 [50.01] 379.17
0.250 [6.35] 63.41
0.975 [9.52] 94,62
0.500 [12.70]_125.49.
0.562 [14.27] 140.68
0.688 [17.48] 171.28
0.969 [24.61] 238.85,
1.219 [30.96] 296.58
1.531 [38.89] 367.39
1.812 [46.02] 429.39
2.062 [52.37] 483.12
2.344 [59.64] 542.14
0.260 [6.35] 68.75
0.312 [7.92] 85.60
0.375 [9.52] 102.63,
0.500 [12.70] 136.17

73.82]
(79.74)
(97.44)

[108.96]

[132.01]

[159.91]

[186.98]

[208.12]

[238.80]
[4.68]
(67.94)
[61.28]
[94.49]

[107.38]

[126.72
(158.08)

[194.90]

(234.68)

(253.63)

[281.77]
162.63]
{77.86}
(93.21)

[123.29

[160.18]

(203.58)

[245.58]

[286.72]

[333.22]

[365.42]
70.59}
[67.79]

[105.14]

[122.36]

[139.19]

[155.91]

[205.80]

[254.59]

[309.86]
(963.77
[408.54]
[459.67]
(78.54)
[117.07]
[155.10]
[183.43]
(247.85)
[311.22]
[381.59]
[441.59]

[508.24]

[564.96]
(94.45)

1140.94}
[186.92]

[209.54]
[255.14]
(355.89)
[441.90]
(547.41)
[639.79]
[719.85]
[807.79]
[102.40]
[127.50]
[152.87]
[202.63]

std

sta

std

std
xs

120

120

120
140
160

10

892

1200 [8.3}

750 [5.2]
950 [6.6]

650 [4.5]
800 [5.5]
1000 [6.9]

750 [5.2]
900 [6.2]

800 [5.5]

400 [2.8]
500 [3.4]
610 [4.2]

1100 [7.6]

1400 [9.7]

1600 [11.0]
1900 [13.1]
2400 [16.5]
2800 [19.3]
2800 [19.3]
2800 [19.3]

1100 [7.6]

1300 [9.0]

1500 [10.3]
1900 [13.1]
2400 [16.5]
2800 [19.3]
2800 [19.3]
2800 [19.3]

1100 [7.6]
1500 [10.3]
1900 [13.1]
2300 [15.9]
2700 [18.6]
2800 [19.3]
2800 [19.3]

900 [6.2]
1000 [6.9]
1100 [7.8]
1500 [10.3]
1900 [13.1]
2300 [15.9]
2800 [19.3]
2800 [19.3]
2800 [19.3]

900 [6.2]
1100 [7.6]
1500 [10.3]
1900 [13.1]
2300 [15.9]
2700 [18.6]
2800 [19.3]
2800 [19.3]

750-[5:2)

850 [5.9]
1000 [6.9]
1800 [10.3]
1800 [12.4]
2300 [15.9]
2700 [18.6]
2800 [19.3]
2800 [19.3]

690 (4.8)

WS
