SA-666

ASME BPVGILA-2025

TABLE 2

TENSILE PROPERTY REQUIREMENTS™ (CONT'D)

% Hard

Tensile Strength, min

Yield Strength, min

Elongation in 2 in. or 50 mm, min, %

UNS 20.015 to
Type Designation _psi MPa psi, MPa < 0.015 in. < 0.030 in. > 0.030 in.
201 $20100 100 000 690 55 000 380 45 45 45
201L $20103 105 000 725 55 000 380 35 35 35
201LN $20153 110 000 760 60 000 415 35 35 35
205 $20500 115 000 790 65 000 450 40 40 40
301 $30100 100 000 690 55 000 380 40 40 40
301L $30103 110 000 760 60 000 415 35 35 35
301LN $30153 110 000 760 60 000 415 35 35 35
302 $30200 100 000 690 55 000 380 35 35 35
304 $30400 100 000 690 55 000 380 35 35 35
304L $30403 100 000 690 55 000 380 30 30 30
304N $30451 100 000 690 55000 380 37 37 37
304LN $30453 100 000 690 55 000 380 33 33 33
316 $31600 100 000 690 55 000 380 30 30 30
316L $31603 100 000 690 55 000 380 25 25 25
316N $3165 100 000 690 55 000 380 32 32 32
Y, Hard
Tensile Strength, min Yield Strength, min Elongation in 2 in. or 50 mm, min, %
UNS 2 0.015 to
Type Designation psi MPa psi MPa < 0.015 in. $ 0.030 in. > 0.030 in.
201 $20100 125 000 860 75 000 515 25 25 25
201L $20103 120 000 825 75 000 515 25 25 25
201LN $20153 120 000 825 75 000 515 25 25 25
202 $20200 125 000 860 75 000 515 12 12 see
see $20400 140 000 965, 100 000 960 20 20 20
205 $20500 125 000 860 75 000 515 45 45 45
301 $30100 125 000 860 75 000 515 25 25 25
301L $30103 120 000 825 75 000 515 25 25 25
301LN $30153 120 000 825 75 000 515 25 25 25
302 $30200 125 000 860 75 000 515 10 10 12
304 $30400 125 000 860 75 000 515 10 10 12
304L $30403 125 000 860 75 000 515 8 8 10
304N $30451 125 000 860 75 000 515 12 12 12
304LN $30453 125 000 860 75 000 515 10 10 12
316 531600 125 000 860 75 000 515 10 10 10
316L $31603 125 000 860 75 000 515 8 8 8
316N §31651 125 000 860 75000 515 12 12 12
XM-11 $21904 130 000 895, 115 000 795 15 15
Y Hard
Tensile Strength, min Yield Strength, min Elongation in 2 in. or 50 mm, min, %
UNS 2 0.015 to
Type Designation psi MPa psi MPa < 0.015 in. < 0.030 in. > 0.030 in.
201 $20100 150 000 1035 110 000 760 15 18 18
201L $20103 135 000 930 100 000 690 22 22 20
201LN $20153 135 000 930 100 000 690 22 22 20
205 $20500 150 000 1035 110000 760 15 18 18
301 $30100 150 000 1035 110000 760 15 18 18
301L $30103 135 000 930 100000 690 20 20 20
301LN $30153 135 000 930 100000 690 20 20 20
302 $30200 150 000 1035 110 000 760 9 10 10
304 $30400 150 000 1035 110000 760 6 7 7
304L $30403, 150 000 1035, 110 000 760 5 6 6

1086
