ASME BPVC.ILA-2025

TABLE X2.2_ Continued

SA-53/SA-53M

Nes oN Spectied Specified Nominal Weight (Mass)
Wall Thickness, per Unit Length, Plain Weight Class. Schedule No. Test Pressure,” psi [kPa]
Deslgar Desai Ome, in tant oe oie
Grade A Grade B
0.498 [17.13] 57.65 [65.82] 7240 [8500] 1440 [9900]
0.500 [12.70] 65.48 [97.43] 1410 [9700] 1650 [11 400}
0.862 [14.27] 73.22 [108.92] 4590 [11 000] 150 [12 800]
0.688 [17.48] 88.71 [132.04] 4940 [13 400] 2270 [18 700]
0.844 [21.44] 407.42 [159.86] a 2390 [16 500] 2780 [19 200]
1.000 [25.40] 125.61 [186.91] XxS 120 2800 [19 300] 2800 [19 300}
4.125 [28.57] 139.81 [208.00] . 440 2800[19 300] 2800 [19 300]
1.312 [33.32] 160.42 [238.68] 160 280019 300] 2800 (19 300]
4 350 14,000 [985.6] 0.210 [5.33] 30.96 [46,04] 540 [3700] 630 [4300]
0.219 [5.56] 32.26 [47.99] 560 [3900] 660 [4500]
0.250 [6.95] 36.75 [54.69] to 640 [4400] 750 [5200]
0.281 [7.14] 41.21 [61.35] wn 720 [5000] £840 [5800]
0.312 [7.92] 45.65 [67.90] 20 800 [5500] 940 (6500
0.344 [8.74] 80.22 [74.76] o a 880 [6100] 10307100)
0.375 [9.52] 54.62 [81.25] sTD 30 960 [6600] 11207700]
0.438 [11.13] 63.50 [94.55] 40 1190 [7800] 1310 [9000]
0.469 [11.91] 67.84 [100.94] oe 1210 [8300] ‘1410 [9700]
0.500 [12.70] 72.16 [107.39] 7 4290 [8900] 1500 [10 300]
0.594 [15.09], 85.13 [126.71] 60 1590 [10 500] 1790 [12 300}
0.750 [19.05] 106.23 [158.10] 80 1930[13 300] 2250 [18 500]
0.998 [29.83] 130,98 [194.96] 400 2410 [16 600] 2800 [19 300}
4.094 [27.79] 150.93 (224.65) 120 2800 [19 300] 2800 [19 300}
1.250 [31.73] 170.37 [253.56] 2800 [19 300] 2800 [19 300]
1.406 [98.71] 189.29 [281.70] 2800 [19 300] 2800 [19 300]
2,000 [50.80] 256.56 [381.83] 2800 [19 300] 2800 [19 300}
2.125 [53.97] 269.76 [401.44] 280019 300] 2800 [19 300]
2.200 [55.88] 277551 [413.01] 2800 [19 300] 2800 [19 300]
2.500 [63.50] 307.34 [457.40] 280019 300] 2800 [19 300]
16 400 16.000 [406.4] 0.210 [5.56] 36.95 [54.96) os 490 [3400] 570 [3900]
0.250 [6.95] 42.09 [62.64] 40 560 [8900] 660 (4500}
0.281 [7.14] 47.22 (70:30) a 630 [4300] 740 [5100]
0.312 [7.92] 52.32 [77.83] 20 700 [4800] 820 [5700]
0.344 [8.74] 87.57 [85.71] o a 770 [8300] 900 [6200]
0.375 [9.52] 62.64 [93.17] stp 30 840 [5800] 980 [6800]
0.498 [11.13] 72.86 [108.49] oe i 990 [6800] 1150 [7900]
0.469 [11.91] 77.87 [115.86] wo 1060 [7300] ‘1280 [8500]
0.500 [12.70] 82.85 [123.30] 40 4120 [700] 1310 [9000]
0.656 [16.68] 107.60 [160.12] 60 1480 [10 200] 1720 11 900]
0.844 [21.44] 196.74 (203,53) 80 1900 [13 100] 2220 [15 300]
1.031 [26.19] 164.98 [245.56] 400 2320 [16 000] 2710 [18 700}
4.219 [80.96] 192.61 [286.64] 120 2740 [18 900] 2800 [19 300]
41.438 [96.53] 223.85 [333.19] 140 2800 [19 300] 2800 [19 300}
1.594 [40.49] 245.48 [365.35] 160 2800 [19 300] 2800 (19 300]
18 450 18.000 [457] 0.250 [6.95] 47.44 (70.60) 10 500 [3400] 580 [4000]
0.281 [7.14] 53.23 [79.24] ; $560 [3900] 860 [4500]
0.312 [7.92] 58.99 [87.75] 620 [4300] 730 (5000)
0.344 [8.74] 64.98 [96.66] o 690 [4800] 800 [5500]
0.376 [9.52] 70.65 [105.10] sTD 750 (5200] 880 (6100)
0.406 [10.31] 76.36 [113,62] o 810 [5600] 950 [6500]
0.438 [11.13] 82.23 [122.43] 30 880 [6100] 10207000)
0.469 [11.91] 87.89 [130.78] we 9406500] 1090 {7500}
0.500 [12.70] 93.54 [139.20] x 1000 {6900} 1170 {8100}
0.562 [14.27] 104.76 (155.87) 40 1120(7700] 1310 {9000}
0.750 [19.05} 198,30 (205.83) 60 4800 [10.300] 1750 [12 100]
0.938 [23.83] 171.08 [254.67 80 1880 [13 000] 2190/15 100]
1.156 [29.36] 208.15 [309.76] 100 2310 [15 900] 2700 (18 600}
1.875 [34.92] 244.37 [363.64] 120 275019000] 2800 [19 300}
1562 [39.67] 274.48 [408.45] 140 2800 [19 300] 2800 [19 300}
1.781 [45.24] 308.79 [459.59] 160 2800 (19 300] 2800 [19 300}
20 500 20.000 [508] 0.250 [6.85] 52.78 [78.55] 10 450 [8100] 520 [9600]
0.281 [7.14] 59.23 [88.19] 510 [3500] 590 [4100]
0.312 [7.92] 65.66 [97.67] 560 [3900] 660 [4500]
0.344 [8.74] 72.28 (107.80) : o 620 [4300] 720 [5000]
0.375 [9.52] 78.67 [117.02] sTD 20 680 [4700] 790 (5400}
0.406 {10.31} 84.04 [126.53] . : 730 {8000} 850 [5900]
0.438 [11.13] 91.59 [136.37] 790 [5400] 920 [6300]
0.469 [11.81] 97.92 [145.70] 850 [5900] 950 [6500]

153

