SA-6/SA-6M

ASME BPVC.ILA-2025

TABLE A2.6 “MC” Shapes

Y ty

Designation Fk -
(Nominal ange Demial Doo Flange Web
Depth in Area Depth fs Depth Thick-
in Millimetres Area A, Thick-
Inches and A, d, Thick- a, Width ness:
‘ ie Width land Mass in Kilo-} mm? ness
Weight in in? in, bein ness ty ‘grams per mm Dp fe
Pounds per In. in4 Metre} mm ha mm
Linear Foot) m
MC 18 x 58 WA 18.00 4.200 0.625 MC 460 x 86 11 000 487 107 15.9 17.8
«51.9 15.3 18.00 4,100 0.625 x72 9 870 457 104 15.9 15.2
x 45.8 13.5 18.00 4,000 0.625 x 68.2 8 710 457 102 15.9 12.7
* 42.7 12.6 18.00 3.950 0.625 * 63.5 8 130 457 100 15.9 1.4
MC 13 x 50 14.7 13.00 4412 0.610 MC 330 x 74 9 480 330 2 15.5 20.0
«40 8 13.00 4.185 0.610 x* 60 7 610 330 106 15.5 14.2
x35 10.3 13.00 4,072 0.610 x 52 6 640 330 103 15.5 14
x 318 9.35 13,00 4,000 0.610 x 47.3 6 030 330 102 15.5 9.5
MC 12 x 50 14.7 12.00 4.135 0.700 MC 310 x 74 9 480 305 105 178 21.2
x45 13.2 12.00 4.010 0.700 x 67 8 502 305 102 178 18.0
* 40 11.8 12,00 3.890 0.700 x 60 7 610 305 98 17.8 15.0
«35, 10.3 12.00 3.765 0.700 x 62 6 620 305 96 178 18
x3t 9.12 12.00 3.670 0.700 x 46 5 890 305 93 178 9.4
MC 12x 14.3 4.19 12.00 2.125 0.313 MC 310 x 21.3 2700 305 54 8.0 64
x 10.6 3.10 12.00 1.500 0.309 x 15.8 2 000 305 38 78 48
MC 10 x 41.1 12.1 10.00 4.321 0.575 MC 250 x 61.2 7 810 254 110 14.6 20.2
x 33.6 9.87 10.00 4.100 0.575 x50 6 370 254 104 146 14.6
x 28.5 8.37 10.00 3.950 0.575 x424 5 400 254 100 14.6 10.8
MC 10 x 25 7.35 10.00 3.405 0.575, MC 250 x 37 4740 254 86 146 97
«22 6.45 10.00 3.315 0.575 x33 4 160 254 84 14.6 7A
MC 10 x 8.4 2.46 10.00 1.500 0.280 MC 250 x 12.5 1 590 254 38 7 43
x65 1.91 10.00, 1A7 0.202 x97 1240 254 28 5a 3.9
MC 9 x 25.4 747 9.00 3.500 0.550 MC 230 x 37.8 4 820 229 88 14.0 14
x 23.9 7.02 9,00 3.450 0.550 * 35.6 4 530 229 87 14.0 10.2
MC 8 x 22.8 6.70 8.00 3.502 0.525 MC 200 x 33.9 4 320 203 88 13.3 10.8
«214 6.28 8.00 3.450 0.525 x 318 4 050 203 87 13.3 95
MC 8 x 20 5.88 8.00 3.025 0.500 MC 200 x 29.8 3 790 203 76 12.7 10.2
* 18.7, 5.50 8.00 2.978 0.500 * 27.8 3 550 203 75 12.7 9.0
MC 8x 85 2.50 8.00 1.874 0.311 MC 200 x 12.6 1 610 203 47 79 45
MC 7 x 22.7 6.67 7.00 3.603 0.500 MC 180 x 33.8 4 300 178 1 12.7 12.8
* 19.1 5.61 7.00 3.452 0.500 x 28.4 3 620 178 87 12.7 8.9
MC 6 x x18 5.29 6.00 3.504 0.475 MC 150 x 26.8 3 410 152 88 12.4 9.6
x 15.3 450 | 6.00 3.500 0.385 x 228 2900 | 152 88 98 86
MC 6 x 16.3 4.79 6.00 3.000 0.475 MC 150 x 24.3 3 090 152 76 12.4 95
x 15.1 444 6.00 2.941 0.475 x 22.5 2 860 152 74 12.4 8.0
MC 6x 12 3.53 6.00 2.497 0.375 MC 150 x 17.9 2 280 152 63 95 7.9

58

