ASME BPVC.ILA-2025,

TABLE X1.2 Dimensions, Weights and Test Pressures for Plain End Pipe
(As appears in American National Standard B36.10)

SA-524/SA-524M

Designator : Weight ‘Test Pressure
~ on Wall Thickness Nominal Weight Clas ‘Schedule No. GaieT Grae
in. [mmm Toit Tkgim} si (MPa) psi (MPa)
% G 0.068 [1.73] 0.24 (0.36) std 40 2500 [17.2]
0.095 [2.41] 0.31 [0.46] xs 80 2500 [17.2],
% 8 0.088 [2.24} 0.42 (0.63) std 40 2500 [17.2]
0.119 [3.02] 0.54 [0.80] xs 80 2500 [17.2]
% 10 0.091 [2.31] 0.57 {0.85} std 40 2500 [17.2]
0.126 [3.20] 0.74 {1.10} xs 80 2500 [17.2]
% 15 0.109 [2.7] 0.85 [1.27] std 40 2500 [17.2]
0.147 [3.73] 1.09 [1.62] xs 80 2500 [17.2]
0.294 [7.47] 1 [2.55] XxS oo 2500 17.
% 20 0.113 [2.87] 1.13 11.68) std 40 2500 [17.2]
0.154 [3.91] 1.47 [2.19] XS 80 2500 [17.2]
0.808 [7.82] 2.44 (3.63) XxS on 2500 [17.2]
1 25 0.133 [3.38] 1.68 (2.50) std 40 2500 [17.2]
0.179 [4.55] 2.17 [3.23] xs 80 2500 [17.2]
0.358 [9.09] 3.68 (5.45), XxS 2500 [17.2]
% 32 0.140 [3.56] 227 [3.38] std 2500 [17.2]
0.191 [4.85] 3.00 4.471 xs 2500 [17.2] .
0.382 [9.70] 5.21 17.76] XxXS os os 2500 [17.2]
3 40 0.145 [3.68] 2.72 [4.05] std 40 2500 [17.2] .
0.200 [5.08] 3.63 [5.41] xs 80 2500 [17.2] :
0.400 [10.16] 6.41 [9.55] XXS 2500 [17.2]
2 50 0.154 [3.91] 3.65 5.44] std 2500 [17.2]
0.218 [5.54] 5.02 17.48] XS 2500 [17.2]
0.344 [8.74] 746 [11.42] os 2500 [17.2] .
0.436 [11.07] 9.03 [19.45] XxXs ws 2500 [17.2]
2% 65 0.203 [5.16] 5.79 [8.62] std 2500 [17.2]
0.276 [7.01] 766 [11.44] xs 2500 [17.2]
0.975 [9.52] 10.01 [14.91] P 2500 [17.2] '
0.552 [14.02] 13.70 [20.44] xxs oe oe 2500 [17.2]
3 80 0.216 [5.49] 7.58 [11.29] std 40 2500 [17.2] oe
0.800 [7.62] 1025 [15.27] xs 80 2500 [17.2] os
0.438 [11.13] 14.32 [21.34] we 160 “ 2500 [17.2]
0.600 [15.24] 18.58 [27.67] Xxs, os 2500 [17.2]
3% 90 0.226 [5.74] ott 113.57] std 40 2400 [16.5]
0.318 [8.08] 12.51 [18.63] XS 80 2800 [19.3]
4 100 0.237 [6.02] 10.79 [16.07] sid 40 2200 [18.2],
0.837 [8.56] 14.98 [22.31] xs 80 2800 [19.3] oe
0.488 [11.13] 19.00 [28.30] . 120 os 2800 [19.3]
0.531 [13.49] 22.51 [33.53] « 160 2800 [19.3]
0.674 [17.12] 27.54 [41.02 XxXs “ e 2800 [19.3]
5 125 0.258 [6.55] 14.62 [21.78] std 40 1900 [13.1] oo
0.975 [9.52] 20.78 30.95] xs 80 2800 [19.3] vs
0.500 [12.70] 27.04 [40.28] . 120 2800 [19.3]
0.625 [15.88] 32.96 [49.09], 160 2800 [19.3]
0.750 [19.05] 38.55 [57.42] oe “ 2800 [19.3]
6 150 0.280 [7.11] 18.97 [28.26] 40 1800 [12.4] os
0.432 [10.97] 28.57 [42.56] 80 “ 2300 [15.9]
0.562 (14.27) 36.39 [54.20] 120 2800 [19.3]
0.719 [18.26] 45.35 [67.55] 160 2800 [19.3]
0.864 [21.95] 53.16 [79.68] _ — 2800 [19.3]
8 200 0.250 [6.35] 22.98 [33.31] 20 1200 [8.3]
0.277 [7.04] 24.70 [36.79] ws 30 1300 [9.0]
0.322 [8.18] 28.55 [42.53] std 40 1600 [11.0]
0.406 [10.31] 35.64 [53.10] a 60 ~ 1700 [11.7]
0.500 [12.70] 43,39 (64.63) 80 2100 [14.5]
0.594 [15.09] 50.95 75.92] 100 2500 [17.2]
0.719 [18.26] 60.71 [90.43] 120 2800 [19.3]
0.812 [20.62] 67.76 [100.96] 140 2800 [19.3]
0.875 [22.22 72.42 [107.87] os 2800 [19.3]
0.906 [23.01] 74.69 [114.29] 160 - 2800 [19.3]
10 250 0.250 [6.35] 28.04 [41.7] 20 1000 [6.9] .
0.279 [7.09] 31.20 [46.47] on 1100 [7.6]
0.307 [7.80] 34,24 [51.00] 30 1200 [8.3]
0.365 [9.27] 40.48 [60.29] 40 1400 [9.7] os
0.500 [12.70] 54.74 [81.55] 60 - 1700 [11.7]
0.594 [15.09] 64.43 [96.00] 80 2000 [13.8]
0.719 [18.26] 77.03 [114.74] 100 2400 [16.5]
0.844 [21.44] 89.29 [133.04] 120 2800 [9.3]
1,000 [25.40] 104.13 [155.15] 140 2800 [9.3]
1.125 [28.58] 115.65 [172.32] 160 os 2800 [9.3]
12 300 0.250 [6.35] 33.38 [49.72] 20 800 [5.5]
0.330 [8.38] 43.77 [65.20] 30 1100 [7.6]

891
