ASME BPVC.ILA-2025 SA-666

TABLE 2
TENSILE PROPERTY REQUIREMENTS”
Annealed
UNs Tensile Strength, min Yield Strength, min enn, Hardness, max
Type Designation psi MPa psi MPa min, % Brinell Rockwell B
201-1 $20100 75000 515 38 000 260 40 217 95
Class 1
201-2 $20100 95000 655 45 000 310 40 241 100
Class 2
201L $20103 95 000 655, 38 000 260 40 217 95
201LN $20153 95 000 655 45 000 310 45 241 100
202 $20200 90000 620 38 000 260 40 241 ses
see $20400 95000 655 48 000 330 35 241 100
205 $20500 115000 790 65 000 450 40 241 100
301 $30100 75000 515 30 000 205 40 217 95
301L $30103 80000 550 32 000 220 45 241 100
301LN $30153 80000 550 35 000 240 45 241 100
302 $30200 75000 515 30 000 205 40 201 92
304 $30400 75000 515 30 000 205 40 201 92
304L $30403 70000 485 25 000 170 40 201 92
304N $30451 80000 550 35 000 240 30 217 95
304LN $30453 75000 515 30 000 250 40 217 95
316 $31600 75000 515 30 000 205 40 217 95
316L $31603 70000 485 25 000 170 40 217 95
316N $31651 80000 550 35 000 240 35 217 95
XM-11 $21904 100000 690 60 000 415 40
Sheet, Strip
Plate 90000 620 50 000 345 45 cee
XM-14 $21460 105000 725 55 000 380 40 :
V4, Hard
Tensile Strength, min Yield Strength, min Elongation in 2 in. or 50 mm, min, %
UNS 2 0.015 to
Type Designation psi MPa psi MPa < 0.015 in. < 0.030 in. > 0.030 in.
201 s20100 pss 95000 655 45 000 310 40 40 40
FB® 75000 515 40 000 275 see we 40
201L $20103 100000 690 50 000 345 40 40 40
201LN $20153 100 000 690 50 000 345 40 40 40
205 $20500 115 000 790 65 000 450 40 40 40
301 $30100 90000 620 45 000 310 40 40 40
301L $30103 100000 690 50 000 345 40 40 40
301LN $30153 100000 690 50 000 345 40 40 40
302 $30200 PSS 85 000 585 45 000 310 40 40 40
FB 90 000 620 45 000 310 tee nee 40
304 $30400 PSS 80000 550 45 000 310 35 35 35
FB 90000 620 45 000 310 see wee 40
304L $30403 80000 550 45 000 310 40 40 40
304N $30451 90000 620 45 000 310 40 40 40
304LN $30453 90000 620 45 000 310 40 40 40
316 $31600 PSS 85000 585 45 000 310 35 35 35
FB 90000 620 45 000 310 see ses 40
316L $31603 85000 585 45 000 310 35 35 35
316N $31651 90000 620 45 000 310 35 35 35

1085
