SA-6/SA-6M

ASME BPVC.ILA-2025

TABLE A2.1_ Continued

Designation Designation
(Nominal Flange {Nominal
Depth in | Area | Depth Web Depth in Mili- Depth
Inches and A d, wiath | Thick | Thickness motes and amas 4,
Weight in in? in, bp ness yy in Mass in Kilo- m mm
Pounds per in, fe, grams per
Linear Foot) inv Metre}
warx12 | 378 | 27.63 | 10010 | 1.100 0610 Wes0 x 192 24 400 | 702
x 114 335 | 27.29 | 10.070 | 0.990 0.570 x 170 21 600 | 693
x 102 30.0 | 27.09 | 10.015 | 0.830 0515 x 152 19 400 | 688
x94 277 | 2692 | 9990 | 0.745 0.490 140 17 900 | 684
x84 248 | 26.71 9.960 | 0.640 0.460 x 125 16 000 | 678
we4x370 | 1080 | 27.99 | 13660 | 2720 1.520 Weto x 551 70 200 | 71
x 835 98.4 | 2752 | 13.520 | 2.480 1.380 x 498, 63 500 | 699
x 306 sag | 27.13 | 13405 | 2.280 4.260 x 455 57 900 | 689
x 279 82.0 | 2673 | 13305 | 2090 4.160 x 415 52.900 | 679
x 250 73.8 | 2634 | 13.185 | 1.890 4.040 x 372 47 400 | 689
x 229 672 | 2602 | 13110 | 1.730 0.960 x 341 43 400 | 661
x 207 607 | 2571 | 13010 | 1570 0.870 x 307 39 100 | 653
x 192 56.3 | 25.47 | 12.950 | 1.460 0.810 x 285 36 100 | 647
176 51.7 | 25.24 | 12800 | 1.340 0.750 x 262 33.300 | 641
x 162 477 | 25.00 | 12955 | 1.220 0.705 x24 30.800 | 635
x 146 43.0 | 2474 | 12900 | 1.090 0.650 x217 27700 | 628
x 131 38.5 | 2448 | 12855 | 0.960 0.605 x 195 24.800 | 622
x17 344 | 2426 | 12.800 | 0.850 0.550 x 174 22200 | 616
x 104 30.6 | 2406 | 12750 | 0.750 0.500 x 155 19 700 | 611
we4x 103 | 303 | 2453 | 9.000 | 0.980 0.850 Wet0 x 153 19 600 | 623
x94 277 | 24.31 9.065 | 0.875 0515 x 140 17 900 | 617
x84 247 | 2410 | 9.020 | 0.770 0.470 x 125 15 900 | 612
x76 224 | 2392 | 8.990 0.440 x 113 14 500 | 608
x 68 20.1 | 2373 | 8.965 0.415 x 101 13.000 | 603
weax62 | 182 | 2374 | 7.040 0.430 wet0 x 92 11700 | 603,
x55 162 | 2357 | 7.005 0.305 x 82 10 500 | 599
watx275 | 809 | 24.13 | 12.800 1.220 W530 x 409 52200 | 613
x 248 729 | 2376 | 12.775 4.100 x 369 47 000 | 603
x 223 65.6 | 2335 | 12675 4.000 x 332 42.300 | 593
x 201 a2 | 2303 | 12575 010 x 300 38 200 | 585
x 182 537 | 2272 | 12.500 0.830 x 272 34.600 | 577
x 166 439 | 2248 | 12.420 0.750 x 248 31 500 | 571
x 147 432 | 2206 | 12510 0.720 x 219 27 900 | 560
x 132 338 | 2183 | 12.440 0.650 x 196 25.000 | 554
x 122 35.9 | 21.68 | 12.990 0.600 x 182 23 200 | 581
x1 327 | 2151 | 12340 0.550 x 165 21 100 | 546
x 101 298 | 21.36 | 12.290 0.500 x 150 19 200 | 543
waixe3s | 273 | 21.62 8.420 0.580 W530 x 138 17 600 | 549
x 83 243 | 2143 | 8.955 0515 x 123 15 700 | 544
x73 218 | 2124 | 8295 0.485, x 109 13 900 | 539
x 68 20.0 | 21.13 8270 0.430 x 101 12.900 | 537
x 62 183 | 20.99 8.240 0.400 x92 11 800 | 533
x 55 162 | 20.80 8.220 0375 x82 10 500 | 528
x 48 14.1 | 20.62 8.140 0.350 x72 9180 | 524
waixs7 | 167 | 21.06 6.555 0.405 W530 x 85 10 800 | 535
x50 14.7 | 20.83 6.530 0.380 x74 9480 | 529
x44 13.0 | 20.66 x 68 8 525
wisxsit | 915 867
x 283 83.2 555
x 258 75.9 545
x 234 68.8 535
xan 62.4 525
x 192 56.4 517
x 175 51.3 509
x 158 463 501
x 143 424 495
x 130 38.2 489
x 119 35.1 482
x 106 31.4 476
x97 28.5 472
x 86 25.3 467
x76 463

50

