ASME BPVC.ILA-2025 SA-1058

TABLE 4 Approximate Hardness Conversion Numbers for Nonaustenitic Steels* (Rockwell B to Other Hardness Numbers)
Rockwell

Rockwell Superficial Hardness

Rockwell

Brinell Rockwell
4 cohort g_Mickers Hardness, pee AScale, 1ST Scale, 30 Scale, 4ST Scale, APHENITaNe
Hardness 3000-kg! Load, © Son erteey  S0-Kgt Load, 15-kgf Load, 30-kgf Load, 45-Kgf Load, giromath
Number 10-mm 0-at Diamond Yerin, roi. Yen, not
and Over ksi (MPa)
Ball Penetrator (1.588-mm) —(1.588-mm) ——_(1.588-mm)
Ball Ball Ball
100 240 240 251 615 _ 93.1 83.1 729 116 (800)
99 234 234 246 60.9 92.8 82.5 71.9 114 (785)
98 228 228 2a 602 . 92.5 81.8 709 109 (750)
97 222 222 236 59.5 ce 92.1 ai. 69.9 104 (715)
96 216 216 231 58.9 te 91.8 80.4 68.9 102 (705)
95 210 210 226 583 we 915 79.8 679 100 (690)
94 205 205 224 87.6 we 91.2 79.4 66.9 98 (675)
93 200 200 216 57.0 ve 90.8 78.4 659 94 (650)
92 195 195 an 56.4 90.5 78 648 92 (635)
— 1 190 190 206 558 902 7A 638 90 (620)
90 185 185 201 552 89.9 76.4 628 89 (615)
89 180 180 196 54.6 89.5 75.8 618 88 (605)
88 176 176 192 54.0 89.2 75.1 608 86 (590)
87 172 172 188 53.4 88.9 744 59.8 84 (580)
86 169 169 184 528 88.6 73.8 588 83 (570)
85 165 165 180 523 88.2 73.4 578 82 (565)
84 162 162 176 817 87.9 724 568 81 (560)
83 159 159 173 Bt 87.6 18 558 80 (550)
a2 156 156 170 50.8 87.3 71.4 548 77 (530)
81 153 153 167 50.0 on 86.9 70.4 53.8 73 (508)
80 150 150 164 49.5 : 86.6 69.7 528 72 (495)
79 147 147 161 48.9 we 86.3 69.1 518 70 (485)
78 144 144 158 484 i 86.0 68.4 508 69 (475)
7 141 141 155 479 i 85.6 677 49.8 68 (470)
76 139 139 152 473 _ 853 67.4 488 67 (460)
75 137 197 150 46.8 99.6 85.0 66.4 478 66 (455)
74 135 135 447 46.3 99.1 847 657 46.8 65 (450)
73 132 132 145 458 985 843 65.1 458 64 (440)
72 130 130 143 45.3 98.0 84.0 644 448 63 (435)
ial 127 127 141 448 97.4 83.7 63.7 43.8 62 (425)
70 125 125 199 44.3 96.8 83.4 63.1 428 61 (420)
69 123 123 187 43.8 96.2 83.0 62.4 418 60 (415)
68 121 121 135 43.3 95.6 82.7 617 40.8 159 (405)
67 119 119 133 42.8 95.1 82.4 61.0 398 158 (400)
66 117 117 131 42.3 94.5 82.1 60.4 38.7 57 (398)
65 116 116 129 418 93.9 81.8 59.7 377 56 (385)
64 114 114 127 a 93.4 81.4 59.0 38.7 ce
63 112 12 125 409 92.8 ait 584 35.7
62 110 110 124 40.4 92.2 80.8 577 347
61 108 108 122 40.0 17 805 57.0 33.7
60 107 107 120 39.5 91.4 80.1 56.4 827
59 106 106 118 39.0 90.5 79.8 55.7 317
58 104 104 17 38.6 90.0 79.5 55.0 30.7
87 103 103 115 98.1 89.4 79.2 54.4 29.7 :
56 101 101 114 37.7 88.8 78.8 53.7 28.7
55 100 12 372 88.2 78.5 53.0 277 :
54 we 1 36.8 877 782 52.4 26.7
53 . 110 36.3 87.4 79 517 257
52 109 35.9 86.5 75 51.0 247
~ 51 108 35.5 86.0 772 50.3 23.7
50 107 35.0 85.4 76.9 49.7 227
49 106 346 84.8 76.6 49.0 247
48 105 34.1 84.3 76.2 48.3 20.7 we
47 104 93.7 83.7 75.9 477 19.7 .
46 103 33.3 83.4 758 470 187
45 102 32.9 826 75.3 46.3 177
44 101 92.4 82.0 749 45.7 167
43 100 32.0 814 748 45.0 157
42 99 31.6 80.8 743 443 147
at 98 312 80.3 74.0 43.7 13.6
40 97 307 79.7 736 43.0 126 te
39 96 30.3 79.4 73.3 42.3 116 te
38 95 29.9 786 73.0 416 106
37 94 29.5 78.0 727 41.0 96
36 a 93 29.1 774 72.3 40.3 86
35 . 92 28.7 76.9 72.0 39.6 76
34 : wee 91 28.2 763 17 39.0 66
33 a _ 90 27.8 757 m4 38.3 56

1547
