SA-568/SA-568M (ASTM A568/A568M) ASME BPVC.ILA-2025

TABLE X5.1 I-Unit Conversion Chart

I I [ TT CI I
Wi Gin}

Wave

Helg

in.) | 10] 11] 12] 13] 14] 15] 16] 17] 18] 191 20] 21] 22] 23] 24] 25|_26] 27|_28] 20] 30] 31] 32] 33] 34] 35|_ 36] 37] 38| 39] 40
w32]_2|2| 2) | i] i] i] 4] q] 1) 1) a) 01 oo] of 0 a oo} of 0}
wie} iol 8| 7} 6|_s|_al_ 4] 3 EA YY Dt
32) 22] 8) i5| 13} ii| iol 8] 3 G 5|_4 43] 3} 3 EA
1/6 | 39| 32] 27] 23] 20] 17] 15] 13] ia] in| io} of | _7| 7] 6] of | _5| | 4 af a] 3] 3] 313] 3] 3] |
5/32) 60] 50] 42] 36] 31] 27] 242i] 19] 17] 15] ial iz} ii] io} io} of 8] 8] 7) 7] 6] of 6] 5] |_| a] ala]
ig| 87] 72] 60] 51} 44] 39] 34| 30] 27] 24] 22] 20] is} i6] 1s] 14] 13] 12} 11} io} io) of al _s|_sl_7|_7|_6| 5
77324118] 98] 82] 70] 60| 53] 46] 41] 36] 33] 30] 27] 24] 221 21] 10] 17] 16] 15] 14] 13] 12] a2] 14] io] io] 9 9] al _@| 7]
1/4 {154[i28|i07| 91] 79] 69] 60] 53{ 48] 43] 39] 35[ 32] 29] 27] 25] 23] 24] 20] 18] 17] 16] 15] 14] 13] 13] 2] 11] ii] 10] 10
97/32} 195 |16i |136] 116] 100] 87| 76] 68) 60] 54] 49] 44] 40] 37] 34] 31] 29] 27] 25] 231 22| 20] 19 18] 17] i6] is] 14] ia] 13] 12
6) 241 [199] 168] 143] 123] 107] 94] 83] 74] 67] 60] 55] 50] 46] 42] 39] 36] 33] si] 29] 27| 25] 24] 22) 23] 20] 19] 18] 17] 16] 15

71/32|292 [oat [203{ 173] 149] 130] 114 [701] 90) Bi A 86 60} 55] 51] 47] 43] 40] 37] 35] 32] 30] 29 27] 25] 24] 23] 21] 20] 19] 18
PB. [241] 206] 477] 154] 136] 20] 107] 96|_g7| 791 7 60] 565i 48144] 4i] 39] 36l_34l_3: 7 25| 24

13/32) 408 |337 283] 241] 208] 181]159] 141] 1.26] 113] 102{ 92| eal _77| 711 65] 60| 561 52\ a8] 45] 421 40] 37] 35] 33] 31| 30/ 2a] 27] 25
7/16} 4 rt ‘82|_76| 70] 4946] 43{ 4:

15;

¥/2 }618 [510] 429] 365] 315] 274] 241 | 214] 191] 171] 154] 140|128] 117] 107] 99] 911 85|_79] 73] 69] 6al_60] Sz] 53] So] 48| 451 43] 41] 391

rai

Wave

Height

(rx) | 250] 275] 300) 325] 350] 375] 400] 425 | 450)475| 500] 25 15501575] 600] 625] 650| 675|700|725 |750|775| 800|825]850 |875|900| 925| 950) 97511000
oS

sof _4[_3| zat at ay a a at iy it ty at ay it tt t)_of_o]_of_of_o]_0 O{_of_o]_o] 0
is} 9] ES WE ME 6 ee) TS OG SS 8 OT |
20) 16] t3] ty] —9f 37) a4) 3 me 2 a Fi a
2.5) T7157 13 it x 7 i a) a 3} 3

3.0 EA ES EE 7 a 3st 3 4y ata 3 3P3h3 2 ap 2
x i i]t] 70) 4[ 4] 4 3
a0 32] 28 ie[ ie] 14] 13] 42] 11] 1o]-9]_—9]_8]_8] 7] 7_6] 6] 5] 5] 5] 5] 4] a] 4
As} 80[ 66] 56 47] 41] 36| 31] 28] 25| 22] 20] 18] 17] 15] 14] 13} 12] 11] a0] 10) 9| | 8] 7] 7] 71 6] 6 ol 5] 5
5.0} 99] 82] So} 44] 39] 34] 30} 27] 25] 22} 20} 191 7} te} a5] id] 13} iz} iif io] 10! 9} 1 ed a
5.5} 120] 99] 83] 73] 61] 53] 47] a1] 37] 33] 30] 27] 25] 23] 21| 19] 18] 16] 15] 14] 13] 12] 12] ii] io] iol 9] 9| 8] 8) 7
6.0} 142118] 99 84] 73] 63] 56] 49| 44] 39] 36] 32] 29] 27| 25] 23] 21] 2o| 18] i7| 16 15] 14] 13] 12) 42| ii] t0] 10} 9] 9
6.5} 167| 138] 116] 93] 85] 74] 65] 58] 52] 46] 42] 38] 34] 32] 29] 27] 25] 23] ai] 20] 19] 17] 46) 15] 14] 14] 13] 12) 12] 11] 10
0} 194| 160] 134] 115} 76) 61 48)44] 40) i} 28] 27] 25] 23} 22} 20) i7] ie] t5|-14) 13] 13] 12
7.5| 222| 184] 154] 132] 113] 99] 87] 77] 69] 62| 56] 50| 46] 42] 39| 36] 33] 30] 28] 26] 25| 23] 22| 20] 19] 18] i7| 16] 15] 15] 14
8.0} 253| 209] 176] 150| 129] 712| 99] 88] _78| 70] 63] 57] 52] 48| 44| 40] 37| 35] 32{ 30] 28[ 26] 25] 23] 22| 21| 20] 18] 18] 17] 16
8.5} 286] 236] 198] 169] 146] 127] 112] 99] esl 79] 711 65] 59] 54] So] 46] 42] 39] 36] 34] 32] 30] 28] 26] 25| 23] 22] 21] 20] 19] 18
9.0} 320] 265| 222] 189] 163] 142| 125]111| 99] 89] 80] 73] 66] 61| 56] 5i| 47| 44] a1] 38] 36| 33] 31] 29] 28[ 26] 25| 23] 22] 21] 20
9.5} 357| 211) 182] 159] 139] 123{110| 99] so] 81] 74] 67| 62] 57] 53] 491 45] 42] 40] 37] 35 29) 281 2 2
{o.0f 395] 327] 274] 234] 202] 176] 1541137} 122] 109] “99[ 90] 82 75] 69] 63] 58] 54] Sol 47{ 44] ail 39) 36] 34] 32] 30] 29) 271 26)

1006
