ASME BPVGII.A-2025 SA-6/SA-6M
TABLE A2.1_ Continued
Designation Designation
(Nominal (Nominal Flange Web
Depth in | Area | Depth Web Depth in Mili- Depth Thick-
Inches and A, q Thickness metres and Area 4, 4, width | Tick | ness
Weight in in? in, yy nA ‘Mass in Kilo- mm mm by a
Pounds per grams per mm fs | mm
Linear Foot) Metre} mm
wiex7t | 208 | tea7 | 7.035 | o@i0 0.495 WA60 x 106 13400 | 409 | 104 | 206 | 126
x65 191 | 1895 | 7590 | 0.750 0.450 x97 12300 | 466 | 193 | 190 | 114
x60 176 | 1824 | 7.555 | 0.695 0415 x89 11400 | 463 | 192 | 177 | 105
x55 162 | 18.11 7.530 | 0.630 0.390 x82 toso0 | «460 | 191 | 160 | 99
x50 147 | 1799 | 7.495 | 0.570 0.355 x74 9430 | 457 | 19 | 145 | 90
wisx4s | 135 | 1806 | 6060 | 0.605 0.360 W460 x 68 a7to | aso | 164 | 154 | 94
x40 118 | 1790 | 6015 | 0.525 0315 x60 7610 | 455 | 153 | 133 | 80
x35 103 | 17.70 | 6.000 | 0.45 0.300 x52 6650 | 450 | 152 | 108 | 76
wiex100 | 294 | 1697 | 10.425 | 0.985 0.585 W410 x 149 19000 | 431 | 265 | 250 | 149
x89 262 | 1675 | 10.965 | 0.875 0.525 x 132 16900 | 425 | 263 | 222 | 133
x77 226 | 1652 | 10.205 | 0.760 0.455 x4 14600 | 420 | 261 | 193 | 116
x67 197 | 1633 | 10.235 | 0.665 0.395 x 100 12700 | 415 | 260 | 169 | 100
wiexs7 | 168 | 1643 | 7.120 | o715 0.430 W410 x 85 tooo | 417 | 181 | 182 | 109
x50 147 | 1628 | 7.070 | 0.630 0.380 x75 e430 | 413 | 180 | to | 97
x45 133 | 1613 | 7.035 | 0.565 0.345 x67 8580 | 410 | 179 | 144 | 28
x40 118 | 16.01 6.995 | 0.505 0.305 x60 7610 | 407 | 173 | 128 | 77
x36 tos | 15.86 | 6985 | 0.430 0.295 x53 ees | 403 | 177 | 109 | 75
wisxst | 912 | 1588 | 525 | 0.440 0275 W410 x 46.1 sas | 403 | 140 | 12 | 70
x26 7.68 | 1569 | 5.500 | 0.345 0.250 x 98.8 4950 | 390 | 140 | se | 64
wiaxe73 | 2565 | 2362 | 18.755 | 5.510 3.995 ws60 x 1299 165 000 | 600 | 476 | 140.0 | 100.0
x 808 2373 | 2284 | 18560 | 5.120 3.740 x 1202 153 000 | 580 | 471 | 1300 | 95.0
x 730 2150 | 2242 | 17.890 | 4.10 3.070 x 1086 139 000 | 569 | 454 | 1250 | 780
x 665 1960 | 21.64 | 17.650 | 4.520 2.830 x 990 126 000 | 550 | 448 | 1150 | 719
% 605 1780 | 2092 | 17.415 | 4.160 2.595 x 900 115 000 | 531 | 442 | 1060 | 659
x 550 1620 | 2024 | 17.200 | 3.820 2.380 x 818 105 000 | 614 | 437 | 970 | 605
x 500 1470 | 1960 | 17.010 | 3.500 2.190 x 744 94800 | 498 | 432 | e389 | 556
x 455 1340 | 19.02 | 16835 | 3.210 2.015 677 86 500 | 483 | 428 | ais | 512
x 426 1250 | 1867 | 16695 | 3.035 4.875 x 634 80600 | 474 | 424 | 77.1 | 476
x 398 1170 | 1829 | 16590 | 2.845 1.770 x 592 75 500 | 465 | 421 | 723 | 450
370 1090 | 1792 | 16475 | 2.660 1.655 x 551 70 300 | 455 | 418 | 676 | 420
x 342 101.0 | 17.54 | 16960 | 2470 4.540 x 509 65200 | 446 | 416 | 627 | 301
x3tt o14 | 17.12 | 16230 | 2260 1.410 x 463 59000 | 435 | 412 | 574 | 358
x 283 833 | 1674 | tet10 | 2070 1.290 x 421 53 700 | 425 | 409 | 526 | a2e
x 257 756 | 16.38 | 15.995 | 1.890 4.175 x 982 48.00 | 416 | 406 | 480 | 298
x 233 635 | 1604 | 15800 | 1.720 4.070 x 347 44200 | 407 | 404 | 437 | 272
2H 620 | 1572 | 15.800 | 1.560 0.980 x 314 40.000 | 399 | 4oi | 396 | 249
x 193, ses | 1548 | 15.710 | 1.440 0.890 x 287 36600 | 393 | 399 | 366 | 226
x 176 518 | 1522 | 15.650 | 1310 0.830 x 262 33.400 | 387 | 398 | 333 | 214
x 159 467 | 14.98 | 15.565 | 1.190 0.745, x 287 30 100 | 380 | 395 | 302 | 129
x 145; 427 | 1478 | 15.500 | 1.090 0.680 x 216 27500 | 375 | 304 | 277 | 173
wiax1s2 | 988 | 1466 | 14.725 | 1.030 0.645 W360 x 196 25000 | 372 | 374 | 262 | 164
x 120 353 | 14.48 | 14670 | 0.940 0.590 x 179 22800 | 368 | 373 | 239 | 150
x 109 320 | 1432 | 14.605 | 0.860 0.525 x 162 20.600 | 364 | 371 | 218 | 133,
x 99 zo1 | 1416 | 14.565 | 0.780 0.485 x 147 18 800 | 360 | 370 | 198 | 123
x90 265 | 1402 | 14520 | o710 0.440 x 134 17100 | 356 | 369 | 180 | 112
wisxe2 | 241 | 1431 | 10.130 | 0.855 0510 W360 x 122 15.500 | 363 | 257 | 217 | 130
x74 218 | 1417 | 10.070 | 0.785 0.480 x 110 14100 | 360 | 256 | 199 | 114
x 68 200 | 1404 | 10.035 | 0.720 0.415 x 101 12900 | 357 | 285 | 183 | 105
x61 179 | 1389 | 9.995 | 0.645 0.375 xot 11500 | 353 | 254 | 164 | 95
wiaxs3 | 156 | 1392 | 8060 | 0.660 0.370 W360 x 79 to 100 | 354 | 205 | 168 | 94
x48 141 | 1379 | 8.030 | 0.695 0.340 x72 9100 | 350 | 204 | 151 | a6
x43 126 | 1368 | 7.995 | 0.530 0.305 x64 8130 | 347 | 203 | 135 | 77
wisxsa | 112 | 1410 | 6770 | 0515 0310 W360 x 58 7230 | 358 | 172
x34 100 | 1398 | 6.745 | 0.455 0.285 x51 6450 | 355 | 171
x30 aes | 1384 | 6.730 | 0.385 0270 x 44.6 s7to | 352 | 171
wiax26 | 7.69 | 1391 | 5.025 | 0.420 0.285 W360 x 39.0 4960 | 353 | 128
x22 49 | 1374 | 5.000 | 0.35 0.230 32.9 4190 | 349 | 127

51

