zs8

TABLE 6 Wall Thickness Tolerance for Type | (A.W.H.R.) Round Tubing (Inch Units)

Outside Diameter,*

(Wetsv/eTSV WLSV) WETS-VS/ETS-VS

Wall Thickness %to 1, Over 1'%6 Over 3% to Over 4¥% to Over 6 to 8, Over 8 to 10, Over 10 to 12, ‘Over 12 to 15,
incl L t0 3%, incl 4%, incl 6, incl incl incl inct inl
nA aug" Wall Thickness Tolerances, in., +°
“ + - + = + -_ [+ = + = + =
0.065 0.003 ] 0.011 | 0.002 | 0.012 | 0.002 0.012

0.012 | 0.003 | 0.013 . -
0.013 | 0.003 | 0.013 | 0.003 | 0.013 0.013
0.013 | 0.003 | 0.013 | 0.003 | 0.013 | 0.003 | 0.013
0.013 | 0.003 | 0.013 | 0.003 | 0.013 | 0.003 | 0.013
0.013 | 0.003 | 0.013 | 0.003 | 0.013 | 0.003 | 0.013
0.013 | 0.003 | 0.013 | 0.003 | 0.013 | 0.003 | 0.013
0.014 } 0.004 | 0.014 ] 0.004 | 0.014 | 0.004 | 0.014
0.014 | 0.004 | 0.014 | 0.004 | 0.014 | 0.004 | 0.014
0.014 | 0.004 | 0.014 | 0.004 | 0.014 | 0.004 | 0.014
0.017 | 0.005 | 0.017 | 0.005 | 0.017 | 0.005 | 0.017
0.017 | 0.005 | 0.017 | 0.005 | 0.017 | 0.005 | 0.017
0,022 | 0.010 | 0.022 | 0.010 | 0.022 | 0.010 | 0.022
0.023 | 0.011 | 0.023 | 0.011 | 0.023 | 0.011 | 0.023
0.024 | 0.012 | 0.024 | 0.012 | 0.024 | 0.012 | 0.024
0.025 | 0.013 | 0.025 | 0.013 | 0.025 | 0.013 | 0.025
0.026 | 0.014 | 0.026 | 0.014 | 0.026 | 0.014 | 0.026
0.027 | 0.015 | 0.027 | 0.015 | 0.027 | 0.015 | 0.027
0.027 | 0.015 | 0027 | 0.015 | 0027 |0.015 | 0.027
0.027 | 0.015 | 0.027 | 0.015 | 0.027 | 0.015 | 0.027

0.072
0.083,

0.003 | 0.011 | 0.002 | 0012 | 0.002
0.004 | 0.012 | 0.003 | 0.013 | 0.003
0.004 | 0.012 | 0.003 | 0.013 | 0.003
0.004 | 0.012 | 0.003 | 0.013 | 0.003
0.004 | 0.012 | 0.003 | 0.013 | 0.003
0.004 | 0.012 | 0.003 | 0.013 | 0.003
0.005 | 0.013 | 0.004 | 0.014 } 0.004
0.005 | 0.013 | 0.004 | 0.014 | 0.004
0.005 | 0.013 | 0.004 | 0.014 | 0.004
0.007 | 0.015 | 0.006 | 0.016 | 0.005
0.007 | 0.015 | 0.006 | 0.016 | 0.005
0.012 | 0.020 | 0.011 | 0.021 | 0.010
0.013 | 0.021 | 0.012 | 0.022 | 0.011
0.014 {0.022 | 0.013 | 0.023 | 0.012
0.015 | 0.023 | 0.014 | 0.024 | 0.013
0.016 | 0.024 | 0.015 | 0.025 | 0.014
0.017 | 0.025 | 0.016 | 0.026 | 0.015
0.017 | 0.025 | 0.016 | 0026 | 0.015

0.015

0.016 0.028 | 0.016 | 0.028 | 0.016 | 0.028 | 0.016 | 0.028
0.016 0.028 | 0.016 | 0.028 | 0.016 | 0.028 | 0.016 | 0.028
0.016 0.028 ] 0.016 | 0.028 ] 0.016 | 0.028 | 0.016 | 0.028
0.016 0.028 | 0.016 | 0.028 |o.016 | 0028 | 0.016 | 0.028

4 Birmingham Wire Gauge.
® Where the ellipsis (...) appears in this table, the tolerance is not addressed.

$Z0Z-V''DAdd AWSV
