ASME BPVC.ILA-2025 SA-370

TABLE 3 Approximate Hardness Conv

ion Numbers for Nonaustenitic Steels“ (Rockwell B to Other Hardness Numbers)
Rockwell Superficial Hardness

Rockwell B ———_———srrverve
Scale, 100 Viokers Brinell Knoop Rockwell A RockwellF  15T Scale, 30T Scale, 45T Sede Approximate
kgf Load ver IRS ——-Hardness, 300 Hardness, Scale, 60 kgf Scale, 60 kgf ey, 2% L ss ‘ai Tensile
in, ‘Number kgf Load, 10 500 gf Load & Load, Diamond —_Load, “Ae-in. a Ye "4 Yor eat ‘Ae Strength ksi
(1588 mm) mm Ball Over Penetretor (1.688 mm) Ball, Py (1.580mm) (1.580mm) (Pad
Ball Ball Ball
100 240 240 251 615 93.1 83.1 729 116 (800)
99 234 234 248 60.9 92.8 82.5 19 114 (785)
98 228 228 244 60.2 92.5 818 70.9 109 (750)
97 222 222 236 59.5 92.1 81.1 62.9 104 (715)
96 216 216 231 58.9 918 80.4 68.9 102 (708)
95 210 210 226 58.3 915 79.8 67.9 100 (690)
94 205 208 224 57.6 91.2 79.4 66.9 98 (675)
93 200 200 216 57.0 90.8 78.4 659 94 (650)
92 195 195 att 56.4 90.5 778 64.8 92 (635)
a1 190 190 206 55.8 90.2 74 638 90 (620)
90 185 185 201 55.2 89.9 764 628 89 (615)
80 180 180 196 546 : 89.5 758 618 88 (605)
88 176 176 192 54.0 vee 892 754 608 86 (590)
87 172 172 188 53.4 : 88.9 744 508 84 (580)
86 169 169 184 528 : 88.6 73.8 588 83 (570)
85 165 165 180 52.3 88.2 734 578 82 (565)
a4 162 162 176 51.7 ve 87.9 724 568 81 (560)
83 169 159 173 814 - 87.6 718 558 80 (550)
82 156 156 170 50.6 ve 73 m4 548 77 (530)
at 153 153 167 50.0 86.9 704 538 73 (505)
80 160 150 164 49.8 86.6 60.7 52.8 72 (495)
79 147 147 161 48.9 : 86.3 69.1 518 70 (485)
78 144 144 168 484 te 86.0 684 508 69 (475)
7 141 141 165 479 85.6 677 49.8 68 (470)
76 139 139 152 473 oe 853 ert 488 67 (460)
75 197 137 150 468 996 85.0 66.4 478 66 (455)
74 195 135 147 46.3 99.1 847 65.7 46.8 65 (450)
73 132 192 145 458 98.5 84.3 65.4 458 64 (440)
72 130 130 443 453 98.0 84.0 644 448 63 (435)
ca 127 127 141 448 97.4 83.7 637 43.8 62 (425)
70 125 125 139 443 96.8 83.4 63.1 428 61 (420)
69 123 123 187 438 96.2 83.0 624 418 60 (415)
68 421 121 195 43.3 95.6 82.7 617 40.8 59 (405)
o7 119 119 133 428 95.1 824 61.0 39.8 58 (400)
66 117 117 131 423 94.5 82.4 604 38.7 57 (395)
65 116 116 129 418 93.9 818 59.7 37.7 56 (385)
64 114 114 127 444 93.4 B14 59.0 36.7 :
63 112 112 125 409 928 Bit 58.4 357
2 110 110 124 404 922 80.8 877 347
61 108 108 122 40.0 O17 80.5 57.0 337 :
60 107 107 120 39.5 gi4 80.1 56.4 327 .
59 108 106 118 39.0 90.5 79.8 55.7 317 we
58 104 104 117 38.6 90.0 795 55.0 30.7
37 403 103 115 38.1 894 792 54.4 297 ‘
56 101 101 114 87.7 888 738 53.7 28.7 te
55 100 112 372 88.2 785 53.0 277 i
54 ve 411 36.8 877 782 524 267 n
53 110 36.3 87.1 79 517 28.7
52 409 35.9 86.5 75 51.0 247
51 108 35.5 86.0 772 50.3 23.7
50 107 35.0 85.4 76.9 49.7 22.7
49 108 34.6 84.8 786 49.0 217
48 105 344 84.3 76.2 48.3 20.7
47 vee 104 33.7 83.7 759 477 197
46 : 103 33.3 83.1 75.6 470 187
45 102 32.9 82.6 753 46.3 177
44 tot 32.4 82.0 749 457 167 :
43 100 32.0 814 748 45.0 15.7 :
42 : 99 31.6 808 743 44.3 147 vee
41 98 31.2 80.3 74.0 43.7 136 i
40 97 30.7 79.7 73.8 43.0 128
39 fren : 96 30.3 79.4 733 423 11.6
38 95 29.9 786 73.0 416 106
37 94 29.5 78.0 2.7 41.0 96
36 o 93 20.4 774 72.3 403 86
35 92 28.7 769 72.0 39.6 76
34 91 282 763 m7 39.0 66 :
33 80 278 78.7 714 38.3 56 i
32 89 2 752 71.0 378 46

597
