SA-53/SA-53M

ASME BPVC.ILA-2025

TABLE X2.2 Continued

Specified

NPS oN Cutie Specified Nominal Weight (Mass)
, Wall Thickness, per Unit Length, Plain Weight Class. Schedule No. Test Pressure,” psi {kPa]
Designator Designator ener in, (mm End, Ib/t [kg/m]
Grade A Grade B
0.438 [11.13] 19.02 [28.32] o 120 2800 [19 300] 2800 [19 300]
0.531 [13.49] 22.53 [33.54] e 160 2800 [19 300] 2800 [19 300]
0.674 [17.12] 27.57 [41.03] Xxs oo 2800 [19 300] 2800 [19 300]
5 125 5.563 [141.3] 0.156 [3.96] 9.02 [13.41] 1010 [7000] 1180 [8100]
0.188 [4.78] 10.80 [16.09] 1220 [8400] 1420 [9800]
0.219 [5.56] 12.51 [18.61] oe 1420 [9800] 1650 [11 400]
0.258 [6.55] 14.63 [21.77] sTD 1670 [11 500] 1950[13 400}
0.281 [7.14] 15.87 [23.62] ve 1820 [12 500] 2120[14 600]
0.312 [7.92] 17.51 [26.05] 2020 [13 900] 2360 [16 300]
0.344 [8.74] 19.19 [28.57] oe _ 2230 [15 400] 2600 [17 900]
0.975 [9.52] 20.80 [30.94] xs 80 2430 [16 800] 2800 [19 300]
0.500 [12.70] 27.06 [40.28] a 120 2800 [19 300] 2800 [19 300]
0.625 [15.88] 32.99 [49.11] ' 160 2800 [19 300] 2800 [19 300}
0.750 [19.05] 38.59 [57.43] XxS . 2800 [19 300] 2800 [19 300]
6 150 6.625 [168.3] 0.188 [4.78] 12.94 [19.27] 1020 [7000] 1190 [8200]
0.219 [5.56] 15.00 [22.31] 1190 [8200] 1890 [9600]
0.250 [6.35 17.04 [25.96] 1960 [9400] 1580 [10 900]
0.280 [7.11] 18.99 [28.26] 1820 [10 500] 1780 [12 300}
0.312 [7.92] 21.06 (31.32), - 1700 [11 700] 1980 [13 700]
0.344 [8.74] 23.10 [94.39] ~ 1870 [12 900] 2180 [15 000}
0.375 [9.52] 25.05 [37.28] . 2040 [14 100] 2380 [16 400]
0.482 [10.97] 28.60 [42.56] 80 2350116 200] 2740 [18 900]
0.562 [14.27] 36.43 [54.20] 120 2800 [19 300] 2800 [19 300}
0.719 [18.26] 45.39 [67.56] 160 2800 [19 300] 2800 [19 300]
0.864 [21.95] 53.21 [79.22] Xxs oo 2800 [19 300} 2800 [19 300]
8 200 8.625 [219.1] 0.188 [4.78] 16.96 [25.26] 780 [5400] 920 [6300]
0.208 [5.16] 18.28 [27.22] £850 [5900] 1000 [6900]
0.219 [5.56] 19.68 [29.28] 910 [6300] 1070 [7400]
0.250 [6.35] 22.38 [33.31] 1040 [7200] 1220 [8400]
0.277 [7.04] 24.72 (96.31) 1160 {7800} 1350 [9300]
0.312 [7.92] 27.78 (41.24) on 1900 [9000] 1520 [10 500]
0.922 [8.18] 28.58 [42.55] sTD 40 1340 [9200] 1570 [10 800]
0.344 [8.74] 30.45 [45.34] os 1440 [9900] 1680 [11 600]
0.375 [9.52] 33.07 [49.20] 1870 [10 800] 1830 [12 600]
0.406 [10.31] 35.67 [53.08] 1700 [11 700] 2000 [13 800]
0.438 [11.13] 38.38 [57.08] os 1830 [12 600] 2180 [14 700]
0.500 [12.70] 43.43 [64.64] 80 2090 [14 400] 2430 [16 800]
0.594 [15.09] 51.00 [75.92] 100 2500 [17 200] 2800 [19 300]
0.719 [18.26] 60.77 [90.44] 120 2800 [19 300] 2800 [19 300]
0.812 [20.62] 67.82 [100.92] - 140 2800 [19 300] 2800 [19 300]
0.875 [22.22] 72.49 (107.88) XxS os 2800 [19 300] 2800 [19 300]
0.906 [23.01] 74,76 [111.27] 160 2800 [19 300] 2800 [19 309]
10 250 10.750 [273.0] 0.188 [4.78] 21.23 [91.62] 630 [4300] 730 [5000]
0.208 [5.16] 22.89 [34.08] 680 [4700] £800 [5500]
0.219 [5.56] 24.65 [36.67] 730 [5000] ‘860 [5900]
0.250 [6.35] 28.06 [41.75] 840 [5800] 980 [6800]
0.279 [7.09] 31.23 [46.49] e 930 [6400] 1090 [7500]
0.307 (7.80) 34.27 [51.01] 30 1030 [7100] 1200 [8300]
0.944 [8.74] 38.27 [56.96] os a 1150 [7900] 1340 {8200},
0.365 [9.27] 40.52 [60.29] sTD 40 1220 [8400] 1430 [9900],
0.438 [11.13] 48.28 [71.87] a a 1470 [10 100] 1710 [11 800]
0.500 [12.70], 54.79 [81.52] 60 1670 [11 500] 1950 [13 400]
0.594 [15.09] 64,49 [95.97] 80 1990 [13 700] 2320 [16 000]
0.719 [18.26] 77.10 [114.70] 400 2410 [16 600] 2800 [19 300]
0.844 [21.44] 89.38 [133.00] on 120 2800 [19 300} 2800 [19 300]
1.000 [25.40] 104,23 [155.09] xxs 140 2800 [19 300] 2800 [19 300]
1.125 [28.57] 115.75 [172.21] a 160 2800 [19 300] 2800 [19 300]
12 300 12.750 [923.8] 0.203 [5.16] 27.28 [40.55] 870 [3900] 670 [4600]
0.219 [5.56] 29.34 [43.63] a 620 [4300] 720 {5000}
0.250 [6.35] 33.41 [49.71] 20 710 [4900] 820 [5700]
0.281 [7.14] 37.46 [55.75] os 790 [5400] 930 [6400]
0.312 [7.92] 41.48 [61.69] 880 [6100] 1030 [7100]
0.330 [8.38] 43.81 [65.18] 30 980 [6400] 1090 [7500]
0.344 [8.74] 45.62 [67.90] oe os 970 [6700] 1130 [7800]
0.975 [9.52] 49.61 {73.78} sTD os 1060 [7300] 1240 [8500]
0.406 [10.31] 53.57 [79.70] a 40 1150 [7900] 1340 [9200]

152
